0.25305263157894736
0.24842105263157896
0.2471578947368421
0.2538947368421053
0.23957894736842106
0.24547368421052632
0.24589473684210525
0.2501052631578947
0.24926315789473685
0.2488421052631579
0.25642105263157894
0.2496842105263158
0.24842105263157896
0.24210526315789474
0.2353684210526316
0.25557894736842107
0.2496842105263158
0.25726315789473686
0.25473684210526315
0.25894736842105265
0.2496842105263158
0.2391578947368421
0.23873684210526316
0.24673684210526317
0.25642105263157894
0.25094736842105264
0.2522105263157895
0.2488421052631579
0.2505263157894737
0.25684210526315787
0.24842105263157896
0.25473684210526315
0.25473684210526315
0.2522105263157895
0.24505263157894736
0.2496842105263158
0.2551578947368421
0.2534736842105263
0.2534736842105263
0.2534736842105263
0.2551578947368421
0.24336842105263157
0.25894736842105265
0.2623157894736842
0.24842105263157896
0.25263157894736843
0.2543157894736842
0.24126315789473685
0.25557894736842107
0.2488421052631579
0.2501052631578947
0.24757894736842107
0.24926315789473685
0.25094736842105264
0.25305263157894736
0.2543157894736842
0.2471578947368421
0.25263157894736843
0.25094736842105264
0.24757894736842107
0.24336842105263157
0.2505263157894737
0.2496842105263158
0.2551578947368421
0.25263157894736843
0.2513684210526316
0.25146198830409355
0.2517894736842105
0.2471578947368421
0.2501052631578947
0.24842105263157896
0.24673684210526317
0.24505263157894736
0.24084210526315789
0.2488421052631579
0.24294736842105263
0.2538947368421053
0.2471578947368421
0.24252631578947367
0.24294736842105263
0.24421052631578946
0.2522105263157895
0.2496842105263158
0.24336842105263157
0.2505263157894737
0.24757894736842107
0.25473684210526315
0.2534736842105263
0.25094736842105264
0.25263157894736843
0.2513684210526316
0.24757894736842107
0.24673684210526317
0.24589473684210525
0.2505263157894737
0.24252631578947367
0.2513684210526316
0.24842105263157896
0.2543157894736842
0.248
0.2501087429317094
0.24
0.2517894736842105
0.25305263157894736
0.2551578947368421
0.25094736842105264
0.26105263157894737
0.25263157894736843
0.24589473684210525
0.24673684210526317
0.2522105263157895
0.24673684210526317
0.2513684210526316
0.24
0.2538947368421053
0.24589473684210525
