-1.9997165621253308
-1.999997165820074
-1.9976150352037532
-1.9988660074389912
-1.9976150352037532
-1.9999744922360736
-1.997776769509982
-1.9991807548252896
-1.9860641447508756
-1.9997704184124432
-1.9917184265010353
-1.9972744991963176
-1.998083177615144
-1.9995918367346937
-1.9992743188234894
-1.9949942536074576
-1.9999291442969305
-1.999974492236074
-1.9997704184124432
-1.9979328165374675
-1.9998611204602865
-1.9995209665704115
-1.9990815154994261
-1.9998186043875064
-1.998866007438991
-1.9989766000015594
-1.9993622082900167
-1.999520966570411
-2.0
-1.9994444239725384
-1.9942525432496117
-1.9970956945941347
-1.9977767695099813
-1.9998979669923218
-1.996323529411765
-1.9998979669923218
-1.9996570350681646
-1.9967210045752766
-1.999997165820074
-1.9993622082900167
-1.9996570350681642
-1.9963235294117647
-1.992901982050532
-1.999988663256196
-1.9982278540233736
-1.999988663256196
-1.9947527305879054
-1.9997704184124432
-1.9967210045752766
-1.9963235294117647
-1.9982278540233744
-1.9985001577102597
-1.9998979669923218
-1.9990815154994261
-1.9989766000015594
-1.9998979669923223
-1.9961162431958013
-1.9992743188234894
-1.9994444239725389
-1.9998611204602865
-1.999974492236074
-1.9929019820505316
-1.987989644088382
-1.9972744991963176
-2.0
-1.9997704184124436
-1.9971746815301017
-1.9998611204602865
-1.9997165621253306
-1.9982278540233742
-1.9994444239725389
-1.9987497368706424
-1.999716562125331
-1.9988660074389912
-1.9988660074389915
-1.998083177615144
-1.9959032555500387
-1.999988663256196
-1.9999744922360736
-1.9998611204602865
-1.989426146063257
-1.9976150352037532
-1.9989766000015594
-1.995230065625614
-1.9998186043875064
-1.9992743188234894
-1.9989766000015592
-1.9994444239725384
-1.9969111969111963
-1.9982278540233738
-1.9999546526392162
-1.9897708674304417
-1.9991807548252898
-1.999929144296931
-1.9999546526392162
-1.9999546526392162
-1.9986277873070326
-1.9982278540233742
-1.9976150352037536
-1.9998186043875064
-1.9999516062198102
-1.9993622082900169
-1.9997704184124436
-1.9992743188234894
-1.9998979669923218
-2.0
-1.9985001577102597
-1.9988660074389912
-1.9995209665704115
-1.9970956945941347
-1.995684564658117
-1.9883574181665207
-1.9996570350681642
-1.9939938746604526
-1.999988663256196
-1.9990815154994261
-1.9994444239725386
-1.998083177615144
-1.9999546526392162
-1.9986277873070328
-1.9977767695099815
-1.9972744991963176
-1.9986277873070322
-1.9997704184124432
-1.999591836734694
-1.9989766000015594
-1.9994444239725389
-1.9901098331300702
-1.9997165621253308
-1.9887194244604316
-1.9993622082900164
-1.9876160990712075
-1.9996570350681646
-1.9997165621253306
-1.9999744922360736
-1.9995918367346934
-1.9998979669923223
-1.9985001577102595
-1.9996570350681642
-1.9995209665704112
-1.999974492236074
-1.9990815154994264
-1.9994444239725386
-1.9996570350681646
-1.9998611204602865
-1.9988660074389915
-1.9974476122412514
-1.9959032555500391
-1.9999744922360736
-1.9988660074389912
-1.9998611204602865
-1.999929144296931
-1.9997704184124432
-1.9998611204602865
-1.9949942536074579
-1.999997165820074
-1.9947527305879058
-1.9974476122412512
-1.9998611204602865
-1.999974492236074
-1.9993622082900162
-1.9999744922360736
-1.9988660074389912
-1.9995918367346939
-1.9989766000015594
-1.9985001577102597
-1.9997165621253308
-1.9987497368706422
-1.9931835425563704
-1.9996570350681646
-1.999988663256196
-1.99850015771026
-1.999988663256196
-1.9990815154994261
-1.9997704184124432
-1.999974492236074
-1.9998611204602865
-1.9987497368706422
-1.9974476122412517
-1.9974476122412517
-1.9963235294117647
-1.999988663256196
-1.998083177615144
-1.9998979669923218
-1.9999546526392158
-1.9983668469939784
-1.9997704184124432
-1.9954601686547342
-1.9993622082900162
-1.9856616959503035
-1.9999744922360736
-1.9982278540233744
-1.999997165820074
-1.9963235294117647
-1.999929144296931
-1.9995918367346937
-1.9998979669923223
-1.9989766000015594
-1.9992743188234894
-1.9977767695099822
-1.9999744922360736
-1.9931835425563704
-1.9967210045752766
-1.9959032555500387
-1.999520966570411
-1.9996570350681642
-1.9995918367346937
-1.9954601686547342
-1.9998611204602865
-1.9993622082900167
-1.9959032555500387
-1.9999546526392162
-1.9949942536074576
-1.999362208290017
-1.9995918367346937
-1.9999886632561965
-1.9982278540233738
-1.9954601686547342
-1.999520966570411
-1.999362208290016
-1.9999886632561958
-1.9967210045752766
-1.9959032555500391
-1.9990815154994264
-1.9997704184124432
-1.998866007438991
-1.9998186043875064
-1.9965251159653903
-1.9983668469939784
-1.999974492236074
-1.99372948652897
-1.9982278540233742
-1.9887194244604316
-1.9972744991963176
-1.9991807548252898
-1.9996570350681642
-1.9999991963611234
-1.999974492236074
-1.9976150352037536
-1.9999546526392162
-1.9860641447508756
-1.9999744922360736
-1.99652511596539
-1.9983668469939784
-1.99372948652897
-1.999081515499426
-1.9887194244604316
-1.9997704184124432
-1.9995918367346934
-1.9996570350681646
-1.9998611204602865
-1.9990815154994264
-1.9998979669923218
-1.9983668469939784
-1.999997165820074
-1.999988663256196
-1.998227854023374
-1.9914081965804624
-1.9879896440883822
-1.9942525432496117
-1.998866007438991
-1.9939938746604524
-1.9998611204602865
-1.997932816537468
-1.9977767695099815
-1.9982278540233738
-1.9998979669923223
-1.9998979669923223
-1.9983668469939784
-1.999974492236074
-1.9945054945054947
-1.9998186043875064
-1.999997165820074
-1.9954601686547342
-1.999770418412443
-1.9844195898903745
-1.9983668469939784
-1.9998611204602865
-1.998866007438991
-1.9987497368706422
-1.9994444239725386
-1.9998979669923218
-1.999974492236074
-1.9987497368706422
-1.998083177615144
-1.9982278540233742
-1.992614692672829
-1.995684564658117
-1.9967210045752766
-1.9986277873070324
-1.998083177615144
-1.9998979669923218
-1.9993622082900162
-1.9998611204602865
-1.9995209665704115
-1.9997165621253306
-1.9997165621253312
-1.9998186043875064
-1.99652511596539
-1.999997165820074
-1.9990815154994261
-1.9997165621253308
-1.9983668469939784
-1.99372948652897
-1.9992743188234894
-1.9998186043875064
-1.9986277873070328
-1.9992743188234894
-1.9998611204602865
-1.999997165820074
-1.9997704184124436
-1.9991807548252898
-1.9992743188234894
-1.9999886632561958
-1.9999291442969305
-1.9961162431958006
-1.999997165820074
-1.9998186043875064
-1.999997165820074
-1.9999291442969305
-1.9998611204602865
-1.999997165820074
-1.99652511596539
-1.999929144296931
-1.999929144296931
-1.9979328165374675
-1.9998186043875064
-1.9972744991963176
-1.9998205088756533
-1.9979328165374675
-1.9999546526392158
-1.9982278540233738
-1.9995918367346937
-1.997932816537468
-1.9998611204602865
-1.9997165621253308
-1.995230065625614
-1.9970956945941347
-1.999988663256196
-1.9989766000015594
-1.9974476122412514
-1.999770418412443
-1.9990815154994264
-1.9996078431372541
-1.9972744991963174
-1.9985001577102597
-1.9998979669923216
-1.9970956945941347
-1.9965251159653903
-1.999929144296931
-1.999988663256196
-1.9993622082900167
-1.9967210045752766
-1.9993622082900164
-1.9987497368706422
-1.9992743188234894
-1.9998186043875064
-1.9999744922360736
-1.9999546526392165
-1.9976150352037532
-1.999997165820074
-2.0
-1.9997704184124432
-1.999897966992322
-1.996721004575277
-1.9985001577102597
-1.9990815154994261
-1.9947527305879058
-1.9990815154994264
-1.9998186043875064
-1.99652511596539
-1.9991807548252898
-1.9972744991963176
-1.9990815154994264
-1.9983668469939784
-1.994752730587906
-1.9931835425563704
-1.9949942536074579
-1.9999546526392162
-1.999929144296931
-1.9976150352037532
-1.998083177615144
-1.9994444239725386
-1.995230065625614
-1.9995209665704115
-1.9998186043875064
-1.9998611204602865
-2.0
-1.9999546526392162
-1.9907705090920713
-1.9996570350681646
-1.9985001577102597
-1.9987497368706422
-1.9999546526392162
-1.9993622082900167
-1.9997704184124432
-1.9942525432496119
-1.999997165820074
-1.9988660074389912
-1.999974492236074
-1.9997704184124432
-1.9979328165374681
-1.999929144296931
-1.9999744922360736
-1.9976150352037532
-1.991092225012214
-1.999929144296931
-1.999988663256196
-1.9997704184124436
-1.9917184265010353
-1.9982278540233744
-1.9967210045752761
-1.9977767695099815
-1.9967210045752766
-1.9942525432496119
-1.997932816537468
-1.9995918367346939
-1.9997165621253306
-1.999997165820074
-1.9998186043875064
-1.9998979669923218
-1.9991807548252898
-1.9991807548252898
-1.9982278540233744
-1.9990815154994261
-1.999988663256196
-1.9977767695099815
-2.0
-1.995684564658117
-1.9926146926728294
-1.9997165621253308
-1.9999291442969305
-1.999929144296931
-1.995230065625614
-1.997932816537468
-1.9999744922360736
-1.997776769509982
-1.9914081965804624
-1.9974476122412514
-1.9970956945941347
-1.997447612241251
-1.9998979669923216
-1.9985001577102595
-1.9998186043875064
-1.9988660074389912
-1.9997704184124432
-1.9947527305879058
-1.999929144296931
-1.9993622082900162
-1.997776769509982
-1.9999546526392165
-1.9992743188234894
-1.9999744922360736
-1.9983668469939784
-1.9991807548252902
-1.998083177615144
-1.9993622082900167
-1.9983668469939784
-1.996721004575277
-1.9991807548252898
-1.9991807548252896
-1.9926146926728288
-2.0
-1.9959032555500387
-1.9995918367346934
-1.9982278540233744
-1.9997165621253312
-1.9999886632561958
-1.9994444239725384
-1.9949942536074576
-1.9967210045752766
-1.9990815154994264
-1.9979328165374675
-1.9987497368706422
-1.9999546526392162
-1.9997704184124432
-1.9990815154994264
-1.9986277873070322
-1.9998979669923216
-1.9942525432496117
-1.9890756660746005
-1.9997704184124436
-1.9990815154994261
-1.9998611204602865
-1.997274499196318
-1.9939938746604524
-1.9959032555500391
-1.9999886632561963
-1.9998611204602865
-1.9994444239725384
-1.999997165820074
-1.999997165820074
-1.9996570350681646
-1.999974492236074
-1.9999744922360736
-1.9942525432496117
-1.9977767695099815
-1.99318354255637
-1.9959032555500391
-1.9977767695099815
-1.9999886632561958
-1.99372948652897
-1.999716562125331
-1.9934593765968318
-1.9999971658200744
-1.996323529411765
-1.9949942536074579
-1.9894261460632565
-1.9986277873070326
-1.999997165820074
-1.9961162431958013
-1.9985001577102597
-1.999929144296931
-1.9961162431958006
-1.9995918367346937
-1.9999546526392162
-1.9996570350681642
-1.9999546526392165
-1.9894261460632565
-1.9985001577102595
-1.9985001577102595
-1.9999744922360736
-1.9999546526392162
-1.999974492236074
-1.9991807548252893
-1.9994444239725386
-1.999929144296931
-1.9985001577102595
-1.9999990781048056
-1.9998611204602865
-1.999997165820074
-1.9995918367346934
-1.9931835425563704
-1.999770418412443
-1.9989766000015594
-1.9972744991963176
-1.997932816537468
-1.997776769509982
-1.9994444239725386
-1.9989766000015592
-1.9954601686547342
-1.9999546526392165
-1.9995209665704115
-2.0
-1.9998611204602865
-1.9991807548252898
-1.9976150352037532
-1.9982278540233744
-1.9998186043875064
-1.9995918367346937
-1.998227854023374
-1.999929144296931
-1.9998186043875064
-1.9997704184124432
-1.999997165820074
-1.9994444239725386
-1.9992743188234894
-1.9901098331300702
-1.999897966992322
-1.9998186043875064
-1.9988660074389912
-1.9982278540233744
-1.999929144296931
-1.9995209665704115
-1.9998186043875064
-1.9995209665704115
-1.9995918367346934
-1.9998186043875064
-1.9998979669923223
-1.9995918367346937
-1.9982278540233742
-1.9991807548252898
-1.9923216719672878
-1.9999546526392162
-1.999997165820074
-1.9998186043875064
-1.999929144296931
-1.998227854023374
-1.9999886632561954
-1.997447612241251
-1.999997165820074
-1.9996570350681642
-1.9995918367346934
-1.9999546526392162
-1.9999546526392162
-1.9999291442969305
-1.9995918367346934
-1.9961162431958006
-1.9998186043875064
-1.9990815154994264
-1.999929144296931
-1.9999971658200744
-1.9997165621253308
-1.9970956945941347
-1.9985001577102595
-1.9999886632561965
-1.9986277873070326
-1.9961162431958008
-1.9965251159653903
-1.999997165820074
-1.9879896440883815
-1.9967210045752766
-1.9986277873070326
-1.9985001577102595
-1.996721004575277
-1.9979328165374675
-1.999929144296931
-1.9934593765968318
-1.9883574181665207
-1.9994444239725386
-1.9987497368706422
-1.9989766000015594
-1.998227854023374
-1.9974476122412514
-1.9997704184124432
-1.99372948652897
-1.9990815154994264
-1.9901098331300702
-1.9967210045752766
-1.9996570350681646
-1.998083177615144
-1.9989766000015599
-1.999988663256196
-1.998083177615144
-1.999974492236074
-1.999974492236074
-1.999716562125331
-1.9974476122412512
-1.9998186043875064
-1.9998979669923218
-1.9998611204602865
-1.9997165621253312
-1.9976150352037532
-1.9995209665704115
-1.9963235294117647
-1.9994444239725386
-1.997932816537468
-1.9991807548252898
-1.9961162431958006
-1.9993622082900167
-1.9976150352037532
-1.999997165820074
-1.999362208290016
-1.9999886632561963
-1.9965251159653903
-1.9990815154994261
-1.9987497368706422
-1.9998611204602865
-1.9993622082900167
-1.9988660074389908
-1.9998979669923218
-1.9967210045752766
-1.9999886632561954
-1.9910922250122138
-1.9990815154994261
-1.9954601686547342
-1.9999546526392162
-1.9997704184124432
-1.9991807548252893
-1.9989766000015592
-1.9997165621253306
-1.9999886632561954
-1.9999546526392162
-1.9977767695099815
-1.999929144296931
-1.9986277873070326
-1.9986277873070326
-1.9991807548252898
-1.9999546526392158
-1.995684564658117
-1.9989766000015594
-1.997932816537468
-1.9996570350681646
-1.9970956945941347
-1.997447612241251
-1.9939938746604524
-1.9999744922360736
-1.9983668469939784
-1.9987497368706422
-1.9998979669923218
-1.997447612241251
-1.9996570350681646
-1.9987497368706422
-1.999974492236074
-1.9995918367346937
-1.998227854023374
-1.9979328165374681
-1.9959032555500387
-1.9999546526392162
-1.996323529411765
-1.9993622082900167
-1.9868516833484988
-1.9998979669923223
-1.9982278540233742
-1.9963235294117647
-1.9963235294117647
-1.9998979669923223
-1.9961162431958008
-1.9999971658200744
-1.9954601686547342
-1.9993622082900167
-1.999520966570411
-1.998083177615144
-2.0
-1.999929144296931
-1.9989766000015594
-1.9979328165374675
-1.9998186043875064
-1.9994444239725386
-1.9997704184124432
-1.9998186043875064
-1.9999968729478717
-1.987989644088382
-1.9987497368706422
-1.9999886632561965
-1.9997165621253308
-1.9990815154994261
-1.9990815154994261
-1.999520966570411
-1.9998611204602865
-1.996721004575277
-1.9999886632561958
-1.9965251159653905
-1.9992743188234894
-1.9991807548252902
-1.992321671967288
-1.9995918367346934
-1.9993622082900167
-1.9998979669923223
-1.998083177615144
-1.9991807548252898
-1.9987497368706424
-1.9987497368706424
-1.9999546526392162
-1.9992743188234894
-1.9976150352037536
-1.9995918367346934
-1.999974492236074
-1.9995918367346937
-1.9987497368706417
-1.9998186043875064
-1.9970956945941347
-1.9959032555500387
-1.9954601686547342
-1.995903255550039
-1.997932816537468
-1.9989766000015594
-1.9999886632561958
-1.9998979669923218
-1.9999546526392165
-1.999974492236074
-1.9977767695099815
-1.9979328165374675
-1.9985001577102597
-1.9907705090920713
-1.9985001577102597
-1.998083177615144
-1.9969111969111966
-1.9997704184124432
-1.9998611204602865
-1.999520966570411
-1.99918075482529
-1.9993622082900167
-1.999974492236074
-1.999974492236074
-1.9931835425563704
-1.9987497368706422
-1.993993874660452
-1.9942525432496119
-1.999929144296931
-1.999362208290017
-1.9894261460632565
-1.9990815154994264
-1.9999744922360736
-1.9868516833484988
-1.9987497368706422
-1.9994444239725384
-1.9989766000015594
-1.9974476122412514
-1.9998979669923218
-1.998866007438991
-1.999954652639216
-1.9982278540233742
-1.9988660074389908
-1.999929144296931
-1.9972744991963176
-1.9947527305879054
-1.998366846993978
-1.9994444239725386
-1.999929144296931
-1.9999291442969305
-1.9990815154994261
-1.9999886632561954
-1.9994444239725386
-1.999897966992322
-1.9986277873070324
-1.999929144296931
-1.9997165621253308
-2.0
-1.9774237703101634
-1.999997165820074
-1.999997165820074
-1.9887194244604318
-1.9995918367346934
-1.9992743188234894
-1.999988663256196
-1.9986277873070322
-1.9998611204602865
-1.99652511596539
-1.9993622082900167
-1.999997165820074
-1.999929144296931
-1.9986277873070328
-1.9993622082900167
-1.99372948652897
-1.991092225012214
-1.9998979669923218
-1.9985001577102595
-1.999897966992322
-1.9947527305879051
-1.9998186043875064
-1.9998979669923223
-1.9974476122412514
-1.9998979669923223
-1.9995918367346937
-1.9972923025409213
-1.9982278540233738
-1.9998611204602865
-1.9939938746604522
-1.9998611204602865
-1.9999744922360736
-1.9993622082900167
-1.9942525432496119
-1.995684564658117
-1.9995918367346937
-1.9988660074389908
-1.9985001577102595
-1.9942525432496117
-1.9998186043875064
-1.9988660074389912
-1.9954601686547342
-1.9998611204602865
-1.999997165820074
-1.9993622082900167
-1.999997165820074
-1.9920229174283923
-1.9949942536074579
-1.9989766000015594
-1.999520966570411
-1.9997704184124432
-1.9976150352037532
-1.9926146926728294
-1.9991807548252902
-1.9995918367346937
-1.9967210045752766
-1.999929144296931
-1.991408196580462
-1.9997165621253306
-1.9994444239725389
-1.9995209665704115
-1.9998979669923223
-1.9961162431958006
-1.9992743188234894
-1.9945054945054943
-1.9976150352037532
-1.9992743188234894
-1.995230065625614
-1.9996570350681646
-1.998083177615144
-1.9992743188234894
-1.9976150352037532
-1.9976150352037532
-1.9994444239725386
-1.9998186043875064
-1.9987497368706422
-1.9999886632561965
-1.9988660074389912
-1.9998979669923223
-1.9939938746604526
-1.9868516833484988
-1.9991807548252893
-1.9969111969111963
-1.9969111969111963
-1.999997165820074
-1.9987497368706422
-1.999997165820074
-1.9990815154994261
-1.9963235294117647
-1.9999886632561958
-1.999929144296931
-1.9988660074389912
-1.9998186043875064
-1.9994444239725386
-1.992901982050532
-1.9987497368706422
-1.9985001577102597
-1.9979328165374675
-1.9989766000015594
-1.9999886632561958
-1.9985001577102595
-1.995684564658117
-1.9992743188234894
-1.9999546526392162
-1.9990815154994261
-1.999997165820074
-1.9934593765968318
-1.9999886632561965
-1.9926146926728292
-1.9996570350681646
-1.9999744922360736
-1.998083177615144
-1.9991807548252898
-1.9999744922360736
-1.9983668469939784
-1.9993622082900162
-1.997447612241251
-1.9998979669923218
-1.992321671967288
-1.9990815154994261
-1.9999546526392162
-1.995230065625614
-1.999997165820074
-1.9974476122412517
-1.9969111969111963
-1.9988660074389912
-1.9987497368706422
-1.9999886632561963
-1.9987497368706422
-1.9997165621253306
-1.9963235294117647
-1.9972744991963176
-1.9914081965804624
-1.9986277873070322
-1.999997165820074
-1.999997165820074
-1.9995209665704115
-1.999929144296931
-1.999362208290017
-1.999929144296931
-1.99372948652897
-1.9986277873070326
-1.9963235294117647
-1.9976150352037532
-1.9983393662857731
-1.9997165621253308
-1.9993622082900167
-1.9996570350681642
-1.9988660074389912
-1.9992743188234894
-1.9995918367346934
-1.996721004575277
-1.9998611204602865
-1.9986277873070328
-1.9998979669923218
-1.9985001577102601
-1.9995209665704115
-1.999988663256196
-1.999716562125331
-1.9997165621253308
-1.9995918367346937
-1.9989766000015594
-1.9998611204602865
-1.9939938746604524
-1.999929144296931
-1.999929144296931
-1.9991807548252898
-1.9997165621253308
-1.9999546526392162
-1.997447612241251
-1.9996570350681642
-1.9997165621253306
-1.9997704184124432
-1.9976150352037534
-1.999997165820074
-1.9999546526392162
-1.9987497368706422
-1.9991807548252898
-1.9982278540233742
-1.9995918367346934
-1.9992743188234894
-1.998083177615144
-1.9997165621253308
-1.9995918367346937
-1.996323529411765
-1.995230065625614
-1.9982278540233744
-1.996323529411765
-1.9992743188234894
-1.9998186043875064
-1.998083177615144
-1.998083177615144
-1.9983668469939784
-1.9997704184124432
-1.9999546526392162
-1.9989766000015594
-1.9990815154994264
-1.999929144296931
-1.9992743188234894
-1.9995209665704115
-1.9990815154994261
-1.9991807548252898
-1.9923216719672878
-2.0
-1.9986277873070322
-1.9970956945941347
-1.9982278540233742
-1.9996570350681646
-1.998083177615144
-1.9995918367346937
-1.9991807548252898
-1.9999546526392162
-1.9991807548252902
-1.9994444239725384
-1.9979328165374675
-1.9992743188234894
-1.9976150352037532
-1.9987497368706422
-1.999997165820074
-1.9999546526392162
-1.9995209665704117
-1.998366846993978
-1.99372948652897
-1.996721004575277
-1.9979328165374675
-1.9998979669923223
-1.997932816537468
-1.992614692672829
-1.998083177615144
-1.9977767695099817
-1.9937294865289699
-1.9965251159653905
-1.9988660074389912
-1.9988660074389912
-1.9999546526392162
-1.9999886632561965
-1.999988663256196
-1.9994444239725386
-1.9999744922360736
-1.9947527305879054
-1.999997165820074
-1.9998611204602865
-1.9917184265010353
-1.9991807548252898
-1.9976150352037536
-1.9977767695099815
-1.9997704184124432
-1.9949942536074572
-1.99372948652897
-1.9994814417360176
-1.9998611204602865
-1.9999886632561956
-1.9988660074389912
-1.999997165820074
-1.9970956945941347
-1.99652511596539
-1.9998611204602865
-1.992614692672829
-1.9969111969111966
-1.999988663256196
-1.99850015771026
-2.0
-1.999997165820074
-1.9992743188234894
-1.9996570350681646
-1.999929144296931
-1.999929144296931
-1.9982278540233742
-1.9965251159653903
-1.999974492236074
-1.9860641447508756
-1.9995918367346937
-1.9963235294117647
-1.9983668469939782
-1.9993622082900167
-1.9947527305879058
-1.9986277873070326
-1.9996570350681646
-1.9995918367346937
-1.9999291442969305
-1.9995918367346934
-1.999997165820074
-1.999520966570411
-1.9997704184124432
-1.9997165621253308
-1.99652511596539
-1.997932816537468
-1.995230065625614
-1.999974492236074
-1.9995209665704117
-1.9969111969111963
-1.9987497368706422
-1.9992743188234894
-1.9970956945941347
-1.999997165820074
-1.9969111969111963
-1.9894261460632563
-1.9988660074389915
-1.9983668469939784
-2.0
-1.999988663256196
-1.999997165820074
-1.9972744991963176
-1.9993622082900167
-1.992901982050532
-1.9974476122412514
-1.9998611204602865
-1.9979328165374675
-1.9994444239725389
-1.9999381613302187
-1.999520966570411
-1.9995918367346937
-1.995230065625614
-1.9996570350681642
-1.9976150352037532
-1.99372948652897
-1.9972744991963176
-1.999974492236074
-1.999929144296931
-1.9998611204602865
-1.9956845646581165
-1.9989766000015594
-1.9961162431958006
-1.9999546526392162
-1.9995918367346934
-1.9959032555500387
-1.9976150352037536
-1.9990815154994261
-1.9876160990712075
-1.995903255550039
-1.9976150352037532
-1.9969111969111966
-1.99372948652897
-1.9985001577102597
-1.9982278540233744
-1.9991807548252898
-1.999897966992322
-1.9997165621253306
-2.0
-1.9985001577102597
-1.999997165820074
-1.9994444239725386
-1.9997704184124432
-1.9983668469939784
-1.9998611204602865
-1.999444423972539
-1.9993622082900162
-1.9985001577102597
-1.999997165820074
-1.9954601686547342
-1.9992743188234894
-1.9999886632561965
-1.9996570350681646
-1.999988663256196
-1.9998611204602865
-1.9998979669923218
-1.9939938746604526
-1.999864069686192
-1.9999546526392165
-1.9994444239725386
-1.998083177615144
-1.9986277873070322
-1.9997704184124432
-1.9997704184124432
-1.99372948652897
-1.9993622082900167
-1.9998611204602865
-1.9996905947219097
-1.9972744991963176
-1.9992743188234894
-1.999988663256196
-1.9994444239725389
-1.99372948652897
-1.999929144296931
-1.999929144296931
-1.9993622082900167
-1.9990815154994261
-1.999520966570411
-1.9977767695099817
-1.9990815154994261
-1.9999744922360736
-1.995230065625614
-1.9969111969111966
-1.9989766000015594
-1.999997165820074
-1.9976150352037532
-1.999974492236074
-1.9947527305879058
-1.9998611204602865
-1.9993622082900162
-1.9990815154994261
-1.9990815154994261
-1.9970956945941347
-2.0
-1.999929144296931
-1.999997165820074
-2.0
-1.9934593765968318
-1.999929144296931
-1.9969111969111963
-1.9999886632561963
-1.9999744922360736
-1.9997165621253306
-1.9993622082900167
-1.9998979669923218
-1.9996570350681646
-1.9986277873070324
-1.999520966570411
-1.9997165621253308
-1.999974492236074
-1.9989766000015594
-1.9987497368706422
-1.9974476122412514
-1.9860641447508756
-1.9997165621253308
-1.999997165820074
-1.9992743188234894
-1.9996570350681646
-1.99372948652897
-1.999974492236074
-1.997932816537468
-1.997932816537468
-1.9997704184124432
-1.9992743188234894
-1.9998186043875064
-1.9999546526392162
-1.9997704184124432
-1.9967210045752766
-1.9976150352037532
-1.9952300656256143
-1.9942525432496119
-1.9993622082900164
-1.999997165820074
-1.999974492236074
-1.99652511596539
-1.9963235294117647
-1.9997704184124432
-1.9999744922360736
-1.999081515499426
-1.995230065625614
-1.9974476122412512
-1.9998611204602865
-1.9994444239725386
-1.99850015771026
-1.999997165820074
-1.994252543249612
-1.9997704184124432
-1.9998186043875064
-1.999974492236074
-1.9997165621253308
-1.987236779909799
-1.999997165820074
-1.9999546526392162
-1.9989766000015594
-1.9976150352037532
-1.9963235294117647
-1.9987497368706422
-1.9999886632561958
-1.9961162431958006
-1.9983668469939784
-1.9993622082900164
-1.9995918367346937
-1.9999744922360736
-1.999997165820074
-1.99918075482529
-2.0
-1.9947527305879058
-1.9999744922360736
-1.9998611204602865
-1.997932816537468
-1.9972744991963176
-1.999997165820074
-1.996116243195801
-1.9995918367346937
-1.9997704184124432
-1.9997165621253308
-1.997447612241251
-1.9939938746604524
-1.9996570350681642
-1.997447612241251
-1.9999546526392162
-1.9989766000015594
-1.9998186043875064
-1.9999546526392165
-1.9967210045752766
-1.9989766000015594
-1.9985001577102595
-1.999520966570411
-1.9976150352037536
-1.9998186043875064
-1.9994444239725389
-1.999997165820074
-1.9991807548252896
-1.9999744922360736
-1.9995484090994482
-1.9999291442969305
-1.9998186043875064
-1.9998186043875064
-1.9998979669923223
-1.9999744922360736
-1.9995918367346937
-1.999520966570411
-1.9990815154994261
-1.9993622082900167
-1.997447612241251
-1.9989766000015594
-1.9947527305879058
-1.992614692672829
-1.9998186043875064
-1.9998611204602865
-1.9999546526392162
-1.9997704184124432
-1.9999546526392162
-1.9996570350681646
-1.9998611204602865
-1.9982278540233744
-1.999929144296931
-1.9982278540233744
-1.9991807548252902
-1.995903255550039
-1.999997165820074
-1.9996570350681646
-1.9992743188234894
-1.999929144296931
-1.9999546526392158
-1.9995918367346934
-1.995903255550039
-1.9926146926728294
-1.991408196580462
-1.999954652639216
-1.9974476122412514
-1.9999546526392165
-1.9990815154994264
-1.9972744991963174
-1.995684564658117
-1.9998186043875064
-1.997932816537468
-1.9976150352037536
-1.998083177615144
-1.99652511596539
-1.999997165820074
-1.9998186043875064
-1.9998186043875064
-1.9998186043875064
-1.9992743188234894
-1.9997704184124432
-1.9999886632561965
-1.9991807548252898
-1.9993622082900164
-1.999997165820074
-1.9998186043875064
-1.999716562125331
-1.9994444239725384
-1.9986277873070328
-1.9993622082900167
-1.9995209665704115
-1.9998186043875064
-1.9929019820505316
-1.9942525432496119
-1.999929144296931
-1.9997165621253308
-1.9998979669923223
-1.998083177615144
-1.9983668469939782
-1.996721004575277
-1.9997704184124436
-1.9997165621253308
-1.9998611204602865
-1.999997165820074
-1.9985001577102597
-1.998083177615144
-1.999770418412443
-1.9945054945054947
-1.9999546526392162
-1.9999744922360736
-1.996323529411765
-1.999444423972539
-1.9988660074389915
-1.999988663256196
-1.9994444239725386
-1.9990815154994264
-1.9997165621253312
-1.999988663256196
-1.998083177615144
-1.9990815154994264
-1.9998186043875064
-1.9987497368706422
-1.9931835425563704
-1.9904430460659945
-1.9997165621253306
-1.999929144296931
-1.9976150352037532
-1.9997165621253312
-1.999520966570411
-1.997776769509982
-1.9998611204602865
-1.9995918367346937
-1.992901982050532
-1.9995918367346934
-1.9989766000015594
-1.9993622082900169
-1.9910922250122138
-1.9997704184124432
-1.9989766000015594
-1.9996570350681642
-1.9998611204602865
-1.9985001577102597
-1.9990815154994261
-1.9990815154994261
-1.999520966570411
-1.995230065625614
-1.9970956945941347
-1.9997704184124432
-1.9999886632561965
-1.9990815154994261
-1.999362208290016
-1.9977767695099815
-1.9995918367346937
-1.9997704184124432
-1.999974492236074
-1.999988663256196
-1.9998979669923218
-1.9939938746604524
-1.9996570350681646
-1.9822333309373044
-1.9959032555500391
-1.9999546526392162
-1.9988660074389912
-1.9982278540233738
-1.9986277873070326
-1.999997165820074
-1.9890756660746003
-1.9976150352037532
-1.9976150352037532
-1.9989766000015594
-1.9976150352037532
-1.9995209665704115
-1.998227854023374
-1.9997165621253306
-1.9997165621253306
-1.9999744922360736
-2.0
-1.9999886632561965
-1.9999291442969307
-1.9980831776151438
-1.999997165820074
-1.9995918367346934
-1.9976150352037532
-1.999974492236074
-1.9998611204602865
-1.9986277873070326
-1.999929144296931
-1.995684564658117
-1.9998611204602865
-1.9977767695099813
-1.9994444239725386
-1.9999886632561958
-1.99850015771026
-1.9983668469939784
-1.9986277873070322
-1.9993622082900167
-1.9999744922360736
-1.9963235294117647
-1.994752730587906
-1.9998979669923216
-1.992901982050532
-1.9996570350681646
-1.9989766000015594
-1.9997165621253308
-1.9995209665704115
-1.9989766000015594
-1.995684564658117
-1.995684564658117
-1.9996570350681646
-1.999929144296931
-1.9997165621253308
-1.9985001577102595
-1.9999546526392165
-1.9989766000015594
-1.9999744922360736
-1.999997165820074
-1.999362208290017
-1.9983668469939784
-1.9995918367346937
-1.995903255550039
-1.999997165820074
-1.9994444239725386
-1.997932816537468
-1.9997165621253308
-1.9989766000015594
-1.999988663256196
-1.9988660074389912
-1.999929144296931
-1.9995918367346934
-1.999997165820074
-1.9999886632561958
-1.995684564658117
-1.9995918367346937
-1.999929144296931
-1.9997704184124432
-1.9988660074389912
-1.999897966992322
-1.9994444239725389
-1.9995918367346937
-1.9997165621253308
-1.9993622082900167
-1.9982278540233744
-1.999929144296931
-1.9972744991963176
-1.9988660074389912
-1.9985001577102597
-1.995903255550039
-1.9945054945054945
-1.9963235294117647
-1.9987497368706424
-1.995684564658117
-1.9997704184124432
-1.999997165820074
-1.9991102530803402
-1.9994062351494362
-1.9988660074389912
-1.9999546526392162
-1.995684564658117
-1.9972744991963176
-1.9994444239725384
-1.9995918367346939
-1.99850015771026
-1.9972744991963176
-1.9996570350681642
-1.9976150352037532
-1.999929144296931
-1.9976150352037532
-1.9969111969111963
-1.996116243195801
-1.9997704184124432
-1.9998611204602865
-1.9970956945941347
-1.9976150352037536
-1.9995918367346934
-1.999929144296931
-1.9997165621253308
-1.9979328165374675
-1.9987497368706422
-1.9991807548252902
-1.9985001577102595
-1.9996570350681646
-1.9997165621253306
-1.995230065625614
-1.999974492236074
-1.9990815154994261
-1.996721004575277
-1.9997704184124432
-1.9995918367346937
-1.9993622082900167
-1.9994444239725386
-1.9985001577102597
-1.9990815154994264
-1.9990815154994261
-1.9994444239725389
-2.0
-1.9998186043875064
-1.9976150352037532
-1.9934593765968318
-1.9982278540233742
-1.9963235294117647
-1.9991807548252898
-1.9997704184124432
-1.9998186043875064
-1.9993622082900167
-2.0
-1.9897708674304417
-1.9965251159653903
-1.9991807548252896
-1.9982278540233744
-1.9947527305879054
-1.9986277873070326
-1.9988660074389912
-1.9983668469939784
-1.9998611204602865
-1.9991807548252898
-1.9998611204602865
-2.0
-1.9926146926728294
-1.999997165820074
-1.9982278540233738
-1.999520966570411
-1.995684564658117
-1.9961162431958006
-1.9995209665704115
-1.997776769509982
-1.9959032555500387
-1.9996570350681646
-1.9983668469939784
-1.9986277873070326
-1.9970956945941347
-1.9991807548252902
-1.9954601686547342
-1.9992743188234894
-2.0
-1.9990815154994261
-1.997932816537468
-1.9998186043875064
-1.9989766000015594
-1.9999886632561958
-1.999081515499426
-1.9982278540233742
-1.9999291442969305
-1.999997165820074
-1.999997165820074
-1.9976150352037532
-1.995230065625614
-1.9999546526392162
-1.9983668469939784
-1.9999886632561958
-1.9990815154994261
-1.999897966992322
-1.9989766000015594
-1.9986277873070326
-1.9917184265010353
-1.9997165621253312
-1.999974492236074
-1.9988660074389912
-1.99372948652897
-1.9999886632561963
-1.9998611204602865
-1.9995209665704115
-1.999997165820074
-1.999929144296931
-1.995230065625614
-1.998627787307033
-1.9989766000015594
-1.9989766000015599
-1.9976150352037532
-1.9954601686547342
-1.9949942536074576
-1.9995918367346934
-1.998366846993978
-1.9999546526392162
-1.9999546526392158
-1.9995918367346937
-1.9986277873070324
-1.9983668469939784
-1.9974476122412514
-1.9987497368706424
-1.9954601686547342
-1.9989766000015594
-1.9989766000015594
-1.9998979669923218
-1.997447612241251
-1.9967210045752766
-1.999770418412443
-1.9961162431958008
-1.9992743188234894
-1.990443046065995
-1.996721004575277
-1.999974492236074
-1.9997704184124432
-2.0
-1.999997165820074
-1.9991807548252898
-1.9989766000015594
-1.9997165621253306
-1.9999744922360736
-1.9997704184124432
-1.9999546526392162
-1.9997165621253312
-1.9998186043875064
-1.998083177615144
-1.9998186043875064
-1.9986277873070322
-1.9994444239725384
-1.9983668469939784
-1.9998611204602865
-1.9994444239725386
-1.9996570350681642
-1.9993622082900167
-1.9999886632561956
-1.9998611204602865
-1.997447612241251
-1.9997165621253308
-1.9990815154994261
-1.9990815154994261
-1.9998979669923218
-1.998083177615144
-1.9947527305879054
-1.9998979669923223
-1.99318354255637
-1.9974476122412514
-1.9998979669923218
-1.9996570350681642
-1.995684564658117
-1.999997165820074
-1.9976150352037532
-1.9999744922360736
-1.999520966570411
-1.9999546526392162
-1.999974492236074
-1.995684564658117
-1.99918075482529
-1.9998186043875064
-1.9982278540233744
-1.9991807548252898
-1.9991807548252898
-1.9976150352037532
-1.9999886632561958
-1.9990815154994261
-1.9991807548252898
-1.999997165820074
-1.9991807548252898
-1.9996570350681646
-1.9999546526392162
-1.997932816537468
-1.9995209665704117
-1.9996570350681646
-1.9989766000015594
-1.998083177615144
-1.9999744922360736
-1.9976150352037532
-1.9995209665704115
-1.9989766000015594
-1.9999546526392162
-1.9992743188234894
-1.9992743188234894
-1.999988663256196
-1.9995918367346937
-1.9979328165374675
-1.999929144296931
-1.9963235294117647
-1.9965251159653903
-1.9990815154994264
-1.997447612241251
-1.999929144296931
-1.9988660074389912
-1.999988663256196
-1.9998979669923223
-1.9947527305879054
-1.999988663256196
-1.99652511596539
-1.9998979669923223
-1.9998611204602865
-1.997932816537468
-1.9934593765968318
-1.9980831776151438
-1.9986277873070322
-1.992022917428392
-1.9983668469939784
-1.9997704184124432
-1.9995918367346937
-1.9997704184124432
-1.9974476122412514
-1.9969111969111963
-1.9991807548252902
-1.999929144296931
-1.9931835425563704
-1.999997165820074
-1.997447612241251
-1.999929144296931
-1.9987497368706422
-1.9995209665704115
-1.999929144296931
-1.9998979669923223
-1.9969111969111966
-1.9998186043875064
-1.9995209665704115
-1.9998186043875064
-1.9965251159653903
-1.9989766000015594
-1.9992743188234894
-1.9998979669923218
-1.9995918367346937
-1.9995918367346937
-1.9998186043875064
-1.9999886632561958
-1.999520966570411
-1.999997165820074
-1.999974492236074
-1.9999546526392162
-1.9999546526392162
-1.999988663256196
-1.991408196580462
-1.9986277873070326
-1.999897966992322
-1.9998186043875064
-1.9999546526392165
-1.9998979669923223
-1.9976150352037532
-1.9993622082900167
-1.9995918367346934
-1.9987497368706422
-1.9999886632561963
-1.9991807548252902
-1.9985001577102597
-1.9942525432496119
-1.9995918367346932
-1.9995918367346937
-1.9995918367346937
-1.998227854023374
-1.9989766000015594
-1.9976150352037532
-1.999770418412443
-1.9967210045752766
-1.9990815154994264
-1.999520966570411
-1.9967210045752772
-1.9998979669923223
-1.9982278540233744
-1.9998611204602865
-1.9999546526392162
-1.99850015771026
-1.9987497368706422
-1.9986277873070328
-1.9995918367346937
-1.9942525432496114
-1.999997165820074
-1.9997704184124432
-1.9983668469939784
-2.0
-1.9999744922360736
-1.9972744991963174
-1.9999886632561956
-1.9993622082900162
-1.9939938746604524
-1.998083177615144
-1.998083177615144
-1.9999744922360736
-1.999716562125331
-1.9997704184124432
-1.9989766000015594
-1.9995918367346937
-1.99918075482529
-1.9991807548252902
-1.9989766000015594
-1.997776769509982
-1.999974492236074
-1.999974492236074
-1.9997165621253306
-1.992901982050532
-1.9998186043875064
-1.9992743188234894
-1.9999546526392162
-1.999929144296931
-1.9972744991963174
-1.9994444239725384
-1.9992743188234894
-1.9987497368706422
-1.999974492236074
-1.9995918367346937
-1.9996570350681646
-1.991092225012214
-1.999520966570411
-1.9995918367346934
-1.9999546526392162
-1.99918075482529
-1.9972744991963176
-1.9967210045752766
-1.9967210045752761
-1.9998611204602865
-1.995684564658117
-1.9998979669923218
-1.9994444239725386
-1.9999744922360736
-1.9967210045752766
-1.9942525432496119
-1.9995918367346937
-1.996116243195801
-1.99850015771026
-1.9997704184124432
-1.999997165820074
-1.9985001577102597
-1.9999546526392158
-1.9999886632561965
-1.9999886632561958
-1.999897966992322
-1.99652511596539
-1.9977767695099813
-1.9987497368706422
-1.9999546526392162
-1.9970956945941347
-1.9997165621253306
-1.9994444239725386
-1.9996570350681646
-1.9949942536074572
-1.9989766000015599
-1.9997704184124432
-1.9974476122412517
-1.9999744922360736
-1.997932816537468
-1.9987497368706422
-1.9969111969111963
-1.9999291442969305
-1.9992743188234894
-1.9999971658200744
-1.9997165621253312
-1.9987497368706422
-1.9992743188234894
-2.0
-1.9947527305879054
-1.999988663256196
-1.9991807548252898
-1.9997165621253308
-1.9993622082900167
-1.9995918367346934
-1.9998186043875064
-1.9917184265010353
-1.995903255550039
-1.9983668469939784
-1.9967210045752766
-1.9996570350681646
-1.999974492236074
-1.999861120460287
-1.999988663256196
-1.9995918367346937
-1.9999546526392162
-1.9976150352037532
-1.9997165621253308
-1.9998979669923216
-1.998083177615144
-1.9994444239725384
-1.9976150352037532
-1.9987497368706422
-1.9970956945941347
-1.9998979669923218
-1.9979328165374675
-1.999929144296931
-1.9982278540233742
-1.9998186043875064
-1.9991807548252893
-1.9997165621253306
-1.9995918367346937
-1.997932816537468
-1.9992743188234894
-1.995230065625614
-1.9991807548252898
-1.9996570350681646
-1.9985001577102597
-1.9986277873070322
-1.99850015771026
-1.9995918367346937
-1.9998979669923223
-1.9995918367346937
-1.995684564658117
-1.999988663256196
-1.9990815154994261
-1.9995209665704112
-1.9983668469939784
-1.9993622082900167
-1.9989766000015594
-1.9976150352037532
-1.9994444239725386
-1.999974492236074
-1.9970956945941347
-1.9997165621253308
-1.9990815154994264
-1.9967210045752766
-1.995903255550039
-1.9995209665704115
-2.0
-1.9988660074389912
-1.9986277873070328
-1.9977767695099813
-1.9998611204602865
-1.9998611204602865
-1.9999546526392158
-1.999520966570411
-1.989075666074601
-1.9999546526392162
-1.999929144296931
-1.99850015771026
-1.9993622082900167
-1.9991807548252898
-1.9977767695099822
-1.9949942536074579
-1.9967210045752766
-1.9990815154994261
-1.9991807548252893
-1.9998611204602865
-1.9999971658200737
-1.9998979669923223
-1.9991807548252898
-1.9994444239725384
-1.9974476122412517
-1.999929144296931
-1.9974476122412517
-1.9997704184124432
-1.999997165820074
-1.999997165820074
-1.9996570350681646
-1.9967210045752766
-1.9989766000015594
-1.997932816537468
-1.9998186043875064
-1.99372948652897
-1.9999291442969305
-1.9990815154994261
-1.999770418412443
-1.9998186043875064
-1.9989766000015594
-1.9991807548252893
-1.998083177615144
-1.9998611204602865
-1.9992743188234894
-1.9995918367346937
-1.9965251159653903
-1.9991807548252898
-1.9983668469939784
-2.0
-1.9998979669923223
-1.9994444239725389
-1.998083177615144
-1.9998979669923223
-1.999997165820074
-1.9993622082900167
-1.9987497368706422
-1.9990815154994264
-1.9977767695099815
-1.9995918367346934
-1.9999291442969307
-1.998749736870642
-1.999929144296931
-1.9954601686547342
-1.9988660074389912
-1.9988660074389912
-1.9952300656256143
-1.999974492236074
-1.9976150352037536
-1.9979328165374675
-1.9959032555500387
-1.9995209665704112
-1.9996570350681642
-1.9998611204602865
-1.9972744991963176
-1.9970956945941347
-1.9998611204602865
-1.9952300656256134
-1.9992743188234894
-1.9997165621253306
-1.9997165621253312
-1.9967210045752766
-1.9965251159653905
-1.9949942536074576
-2.0
-1.9979328165374675
-1.999974492236074
-1.999997165820074
-1.9986277873070328
-1.9991807548252898
-1.9997165621253308
-1.9974476122412514
-1.9959032555500387
-1.999520966570411
-1.9996570350681646
-1.9998979669923223
-1.9983668469939784
-1.9998186043875064
-1.999520966570411
-1.9907705090920713
-1.9983668469939784
-1.9998979669923218
-1.9970956945941347
-1.9998611204602865
-1.9999291442969305
-1.9979328165374675
-1.9993622082900167
-1.9991807548252893
-1.995230065625614
-1.9965251159653905
-1.9998186043875064
-1.999997165820074
-1.9992743188234894
-1.9917184265010353
-1.9999886632561958
-1.9977767695099813
-1.9997704184124432
-1.9983668469939784
-1.9990815154994261
-1.9983668469939784
-1.998083177615144
-1.9995209665704115
-1.999988663256196
-1.9996570350681646
-1.9989766000015594
-1.9977767695099815
-1.9937294865289705
-1.991408196580462
-1.9993622082900167
-1.9977767695099815
-1.9993622082900162
-1.9986277873070324
-1.9967210045752761
-2.0
-1.9954601686547342
-1.9999886632561958
-1.9979328165374675
-1.9986277873070322
-1.9995918367346934
-1.9996570350681644
-1.9979328165374675
-1.999520966570411
-1.9999291442969305
-1.9998186043875064
-1.9996570350681642
-1.9999886632561956
-1.997776769509982
-1.9992743188234894
-1.9991807548252898
-1.9994444239725384
-1.9965251159653905
