0.6156620787850029
2.076268082768723
10.01511476498072
12.923957240403729
2.8388124057660598
-1.3194493153751448
18.803936731107207
3.5019524412247893
12.923957240403723
0.5584423429912402
12.034040378226429
-0.36445239502308
-1.3740645293454883
-0.2834124691279274
1.572725516708517
15.187851856300007
-0.6606691074311541
-0.7762776447901829
41.61017077798861
1.490981565053083
7.724221089890703
3.38793103448276
3.864571684186986
13.195756473248448
5.71123207647371
5.758284925195628
1.3494102637540015
5.053261620815169
8.355217755039254
7.5272047635592525
1.229245954709132
17.674806567276853
2.2773375873131334
5.437610924267599
1.2145841187483626
1.303741673059979
5.902040816326531
-1.6221886358190456
3.960383427167012
1.4114700121306294
4.659234965248867
0.4159072079536039
0.8590507317250977
-1.4348336594911943
4.19263795705836
33.34937407644909
3.0645086705202322
0.4588338262466314
-0.2984235610411825
4.19263795705836
0.4480263157894737
20.052174715614104
24.368627450980394
0.8209866996597595
-1.0919291302643053
0.9501396090945349
0.48060253535969233
5.012359550561795
0.37377768795746746
2.79047670951317
6.7409814754631086
-0.7873519757344081
3.6792697395944067
-0.32807371305079114
17.461790374864936
9.388366134220137
5.7963471171267145
4.659234965248867
5.572590878248876
6.797852733616098
0.6624448422893678
7.0909090909090935
5.482206307979244
13.913142857142855
7.724221089890706
0.7222222222222232
-1.0429587482219058
11.339443454757657
0.6389398160506996
0.604107492969348
0.05415236787920508
-0.6726407126578882
4.058397177778568
7.927679573685966
-1.069919517102616
-0.9485710195243287
1.606068281641563
11.45120017310932
0.8847476106211953
18.113275727301072
-1.7502439024390244
-0.9087734613705805
6.000102031272586
3.864571684186986
-0.8520357497517375
9.388366134220137
9.053533144898937
-1.0107282084095224
9.388366134220137
11.229214162111688
-1.0159179708662038
-1.001362690956035
-0.025140365452899882
-0.765117324963025
3.0904459255132277
20.866367166679368
11.914151078109386
39.853004004256036
52.968778398704785
34.625906735751315
0.2618695843149772
0.3019088656203248
19.287918152335564
1.2439860955526578
3.928205128205125
2.6262170636448667
3.3599295689413626
33.349374076449095
1.9425641025641047
2.887794541100753
-0.991926405294278
-1.1880531878622569
7.0909090909090935
-0.8092458230774109
0.22255534343572503
-1.0743544082246264
-1.5955510616784636
24.011355178939763
2.2981307298487934
2.4256450897954247
32.74152306837134
8.137898564516615
3.560202401999635
10.907385444743934
-0.9387345258416655
-0.5868222591919601
20.589122970624388
1.2886823146641886
2.5356492709272054
0.6742835524449076
4.19263795705836
-1.0429587482219052
2.0762680827687223
1.411470012130632
2.4040586890243887
0.8847476106211953
-0.5290806754221382
13.765130959341505
3.2771014645176564
-0.7983411084277852
-0.11792948237059253
2.79047670951317
2.9625076204023575
-0.45561497326203027
6.684670433991306
7.99698508410029
0.9501396090945349
18.56914807964313
1.572725516708517
10.699924271109431
7.592179900804156
25.890635680109376
54.41712328767124
24.368627450980394
28.03125
134.77191232576118
1.9425641025641038
0.2519737534261748
6.628911458100308
4.091570658634466
7.724221089890706
4.025476688989405
9.30314472910223
37.45270935960591
12.531302521008403
31.02857142857144
1.9991838400326474
22.348352691282138
-0.8361433087460481
1.6738928309273318
1.2145841187483626
20.589122970624388
3.3045167989319886
21.439370078740158
0.17440521306021184
20.866367166679357
5.8536834258957935
4.697186514673781
0.4480263157894737
18.803936731107203
0.8976936723832041
-0.7021621621621614
0.36336747944019576
6.628911458100308
10.802964506287674
6.150653767097484
0.6742835524449053
11.339443454757657
4.025476688989405
3.8018848923861173
-0.9138144931766758
4.437873367168652
25.89063568010938
-0.5225356690648173
0.6624448422893678
0.6272727272727274
4.697186514673781
24.011355178939763
17.46179037486494
5.263089851325143
1.303741673059979
6.100000000000001
15.359485136377558
20.5891229706244
32.15268166089965
27.140254068142855
17.047619047619033
1.6910907815235392
0.8847476106211953
3.2498775230658055
7.99698508410029
0.4915644030688262
-0.18271148995103337
-1.0429587482219056
49.018867924528294
6.797852733616098
3.7708900523560214
-1.1920488853876128
-0.03375959079283808
1.9991838400326465
13.334803753681758
5.71123207647371
5.178076984001267
1.0583081193268482
4.931583880037487
15.892503141141983
3.3707376308456958
20.866367166679368
14.216352489543347
2.9877491367081737
4.402004716981132
10.80296450628768
8.656652171091062
-0.6546479214640644
19.287918152335564
5.482206307979244
29.46469158138745
9.053533144898939
-0.007788824978586462
-1.1596638655462181
7.2123572364725685
14.690022172949
12.531302521008412
6.305513898092286
20.86636716667936
5.220400091426754
8.73419148736259
-0.393020594965674
-0.15867681371610676
-0.09305873379099827
-1.2350367329299914
0.06315789473684319
22.990042878783985
11.229214162111681
-0.042341409670710206
0.136658466883274
0.9767662586755779
-0.7311123658949747
8.579999999999995
4.261334884397271
6.5190178824865175
1.905371513711298
259.00380228136896
12.27905350273925
14.690022172949
14.21635248954334
1.9613256240304606
47.81930501930503
11.67942402425161
15.89250314114199
15.359485136377558
0.22255534343572414
12.79111134781046
3.5019524412247875
9.303144729102232
-0.6546479214640639
11.56451612903226
-0.1747339594002395
2.5356492709272036
7.3363319379742435
10.598237675637057
-0.09305873379099827
2.4256450897954247
6.41123862287297
21.14971505518552
153.40635324015247
-0.33540970973542317
-1.2945161634482016
0.6742835524449058
15.53408605431797
0.12732703528757972
19.043478260869566
-0.8625297239055274
-0.16672246401071433
18.338972528325307
9.922202166064977
2.86322188449848
0.7588005215123865
8.429297318297523
-0.042341409670711094
17.047619047619037
0.28179746474861256
4.891701828410685
2.135309503051439
12.79111134781046
3.70958493214063
2.095829885604725
2.719158321337889
9.739837398373986
22.665461561897025
2.15522940020802
5.805766769555067
3.0131620121721463
22.34835269128214
4.296088111865156
-0.5614153058265576
1.411470012130633
4.058397177778568
4.133486136372069
8.972287862513431
-1.412944790809275
20.052174715614104
3.0904459255132277
2.2773375873131343
-1.1678505856825545
0.2618695843149772
4.697186514673781
5.393406593406594
10.907385444743934
8.504219945892196
-1.6339202851026442
-1.4286380597014925
2.695695570804741
44.446182178514
5.136115894686384
1.334105019467538
-0.6180181897915995
18.803936731107207
2.2157222004735555
1.2886823146641877
0.734354851215862
0.7834895214383644
4.8129286815617816
8.067053889798386
10.699924271109431
-0.8935348044159617
22.038461538461533
3.0645086705202287
0.734354851215862
8.355217755039247
7.212357236472572
18.10028636037605
16.45441202792196
4.3311153567428695
14.216352489543347
16.648543689320398
-0.14248228076237135
-0.22987387313722651
3.116561484649024
-1.3937220082197617
11.795957481685097
3.740124223602483
4.931583880037487
0.7834895214383657
1.4589139646144664
1.2737036726858078
1.4589139646144655
-0.8092458230774118
6.971911764705885
5.178076984001267
5.349588265568709
5.527197882975596
0.136658466883274
-1.0831746031746026
-0.2909336558648281
3.864571684186986
0.859050731725099
-0.21428571428571486
2.3401059248480163
0.21283798283852295
4.474029106399403
10.204510553040759
-0.37879518072289153
0.20316455696202462
0.12732703528758016
9.474626865671642
2.135309503051438
19.537407888249053
5.30615097763153
-0.5420922165460751
10.301039501039494
1.2292459547091346
-0.44877281308999306
2.3826075077621187
26.296201372997718
0.9107054325911386
1.2588051349572087
-0.6056139921722097
76.94339068216212
6.855292520972434
5.0945122670209315
-0.22209622102157267
3.6491762425584966
16.07648238887216
0.42656333243781086
33.977169564139786
5.902040816326533
1.114095177607406
6.913309315491507
13.334803753681754
13.476014531002583
-0.07629890400465911
9.388366134220137
7.859125055236419
-0.792857142857144
1.8142748780528324
10.204510553040759
4.697186514673786
30.49170345759294
1.5397543632837758
7.151322149824235
9.561945926873372
113.8084889643463
10.907385444743934
11.914151078109386
4.474029106399403
4.891701828410687
0.009714970059879757
16.07648238887216
-0.4894129590223142
3.277101464517653
2.7191583213378907
-0.8677466863033869
5.950844971135705
-1.1092433043546068
15.71173201546064
0.3947440856804665
1.7785714285714285
34.62590673575131
6.000102031272592
0.4480263157894737
-0.46921630732846076
0.16490486257928172
10.204510553040759
2.4040586890243896
1.1424291497975716
2.6262170636448667
3.2771014645176564
3.5019524412247884
15.187851856300007
21.14971505518553
8.06705388979839
16.26375567895003
10.907385444743934
0.7959263271939312
4.474029106399403
25.890635680109366
5.053261620815169
-1.28363081935713
-0.42807863929813417
1.905371513711299
5.902040816326531
4.891701828410687
8.281967213114754
0.1460317460317455
-0.9534614088425197
103.00934579439257
2.491228070175441
20.052174715614104
-1.617430673457838
-1.329938354328598
1.6228808924860552
-0.38592248216194713
0.9767662586755788
7.33633193797424
2.256672541262331
20.052174715614115
1.6228808924860552
1.2588051349572105
10.907385444743934
2.937435783774368
17.461790374864936
38.22369668246446
0.11803719995708528
0.21283798283852295
-0.2758598312783911
0.07220331544958114
35.29665040269784
-0.8884164472469012
4.437873367168652
-1.0787727477186908
2.8388124057660598
0.5359365737996447
0.5697763864563399
33.97716956413979
4.226852531181217
5.0945122670209315
11.451200173109319
2.4473679485261073
0.2718107272482855
2.9877491367081737
0.4696924550876247
3.5309723307879706
-1.1006185219867342
13.765130959341501
-0.6785913581177883
30.49170345759294
16.648543689320395
0.9767662586755788
12.40425372380137
1.2439860955526543
11.914151078109386
-0.496090973702914
2.236134453781509
6.150653767097484
2.4912280701754383
3.8018848923861164
9.561945926873372
5.173143083753075
12.923957240403729
0.23231690959492024
31.581972506074635
-0.6364414565485688
-0.8038039696477681
-0.10138464560511906
5.8536834258957935
-0.6606691074311541
2.037495372875081
16.846246302149293
8.137898564516615
-0.9037132259016745
10.497878359264504
9.303144729102232
-1.0699195171026157
9.474626865671649
2.6492263709527926
5.437610924267599
22.34835269128214
2.79047670951317
34.62590673575131
0.1554471261046637
-0.05088603753224685
1.8142748780528324
1.760873779066971
-0.7651173249630241
-0.9337882599148002
-0.2984235610411825
0.9369279258799597
6.100000000000001
32.15268166089966
-1.0743544082246264
8.972287862513431
6.150653767097484
10.109210030703908
-1.5028355342347242
36.70879008647102
0.38423645320197153
0.7101491824147539
0.7834895214383644
2.095829885604724
1.760873779066971
1.1854930167260012
9.739837398373982
9.830450205403592
3.387931034482758
0.8976936723832041
9.218944099378879
1.7785714285714285
5.618390615352951
0.16490486257928216
10.598237675637062
20.052174715614104
2.8388124057660598
31.028571428571432
0.3842364532019724
9.830450205403595
4.474029106399401
0.4053008986112365
103.0093457943925
13.619439501779365
2.4256450897954247
-0.7138100356946215
5.094512267020933
6.150653767097484
0.734354851215862
-0.5027421164153059
2.937435783774368
76.94339068216206
22.990042878783978
-1.2577559297203404
8.067053889798386
9.135746133201776
0.8462990002279938
-1.5573372240440257
0.4915644030688262
90.05063377286255
-0.3499909926139435
9.922202166064977
22.66546156189703
40.71468290745399
20.317787681578324
2.863221884498482
21.735544823452546
11.12048134310252
1.9053715137112999
-1.360713572522132
0.8462990002279951
27.140254068142855
0.09958132323467028
5.094512267020933
2.018282454837138
26.712594524119925
5.263089851325146
4.697186514673781
-0.5093665232745517
3.3045167989319904
6.201786161999532
6.049818250897008
-0.34999099261394306
-0.792857142857144
0.6506637261970396
5.263089851325146
3.4161319538381774
3.6193020719738254
27.579642990976634
14.371667045565268
45.573371824269366
0.21283798283852295
4.891701828410687
-0.16672246401071433
-1.3052811030399285
3.560202401999635
-0.3572365994544522
38.22369668246446
27.140254068142855
1.8322823928977217
10.907385444743934
6.797852733616098
3.2498775230658072
7.399291273358191
-0.6546479214640644
-0.01648351648351687
14.853191489361702
27.140254068142855
28.973212736959475
-0.23761885076477718
1.0036672208024218
1.8686133625105414
51.58942343004039
11.679424024251604
1.4589139646144664
2.4692285189213514
24.734843205574908
-0.3716385367035451
1.5561938593450302
4.584253105226155
-0.9238392821015435
20.5891229706244
4.19263795705836
5.393406593406599
0.14603174603174596
18.113275727301072
-0.025140365452899882
10.015114764980726
-1.2540044035197897
1.4589139646144664
0.3633674794401962
21.149715055185524
9.303144729102232
14.371667045565264
-0.27585983127838976
7.151322149824235
4.852151447113461
0.6272727272727274
20.317787681578316
5.902040816326533
1.411470012130632
8.355217755039247
0.018524520255864374
4.697186514673786
20.86636716667936
0.05415236787920508
19.792105263157897
19.04347826086956
39.85300400425604
-0.6963040069596387
1.942564102564103
-1.122060470324748
4.474029106399404
-0.8200668896321064
18.803936731107207
35.99053881169855
31.02857142857144
86.39567921440262
-0.43500479080166166
-0.10138464560511862
20.589122970624388
23.66270314577104
0.35300551982579664
6.000102031272586
5.71123207647371
-0.5860030452545133
-0.5027421164153054
-0.8361433087460481
2.4040586890243896
-0.2606595176225155
16.26375567895003
19.537407888249064
-0.6180181897915986
6.35812309140462
8.067053889798386
10.01511476498072
6.000102031272585
3.619302071973827
3.0645086705202287
13.19575647324844
11.013214876605895
5.136115894686384
0.027372806347911727
13.334803753681754
787.0012642225036
-1.180017144164666
5.178076984001269
6.41123862287297
7.03110868998183
1.1424291497975716
0.5247641359510782
16.846246302149293
1.6228808924860552
6.7409814754631086
-0.7311123658949752
0.9369279258799583
13.476014531002583
3.833111253938645
-0.12614881027319624
4.891701828410687
11.120481343102522
6.628911458100308
83.01149425287355
3.619302071973827
-1.0107282084095222
2.7191583213378907
94.0102040816326
-0.5868222591919601
2.195434670259157
391.0025316455696
-0.24533133267006946
1.760873779066971
-1.1999959187803269
3.1959960579577986
0.5136448598130832
-1.2388584479121956
1.4589139646144655
2.4912280701754383
20.052174715614115
15.187851856300014
8.579999999999993
1.0860562729700964
0.08128886729669382
3.8962687679133303
31.02857142857144
0.7588005215123865
15.019111410625392
7.03110868998183
4.659234965248867
4.621591721542801
12.923957240403729
12.791111347810453
0.3324251292480227
18.3389725283253
0.5471625246589507
1.044541748452362
7.0909090909090935
10.015114764980728
1.2588051349572105
-0.2834124691279265
5.8536834258957935
1.8686133625105432
5.393406593406596
8.812633324499702
37.45270935960589
19.04347826086957
-1.1263011132358078
3.2771014645176573
2.1752707651804446
6.000102031272585
35.99053881169856
12.034040378226429
3.2771014645176564
16.846246302149293
-0.5290806754221387
-0.6364414565485688
8.137898564516615
5.572590878248876
0.136658466883274
6.100000000000001
16.846246302149293
15.711732015460644
1.2886823146641877
12.66024096385542
-0.08469688841201783
-0.31331019859277776
11.679424024251606
28.031249999999986
6.684670433991306
11.7959574816851
13.913142857142862
23.32236350037397
15.711732015460644
-0.2984235610411825
0.5811650159476227
7.657848324514994
11.013214876605895
6.913309315491507
8.812633324499695
7.341614440247255
0.6624448422893665
13.765130959341501
-0.29842356104118206
0.6272727272727274
12.155661970200322
0.3633674794401953
1.539754363283774
18.3389725283253
1.8322823928977225
-0.5614153058265572
9.922202166064977
-0.862529723905527
1.2588051349572087
2.79047670951317
-0.5420922165460746
-0.06786457348212593
17.047619047619033
3.0387479486050504
15.019111410625392
6.150653767097486
1.171062593046119
15.359485136377558
7.9276795736859675
0.7711143948262302
3.116561484649022
4.366419811121539
-1.403387180823346
0.14603174603174596
14.529535834290943
0.6272727272727274
22.990042878783985
4.931583880037487
-0.9534614088425197
0.569776386456339
0.3842364532019724
-0.4759757644074951
5.306150977631532
0.2421229544449366
1.243986095552656
11.679424024251611
31.581972506074635
1.1282250071024968
1.7963715106828708
1.9991838400326465
-0.37879518072289153
0.06315789473684319
10.598237675637053
1.4430123404704132
0.07220331544958247
-0.16672246401071433
19.537407888249053
2.4692285189213514
11.914151078109386
1.6397886714013499
13.765130959341509
0.05415236787920508
0.2718107272482855
-0.3572365994544531
28.495591335431236
-0.5420922165460746
3.2498775230658072
13.058823529411764
12.923957240403729
15.019111410625388
-0.245331332670069
-0.5225356690648182
5.902040816326531
4.402004716981133
16.6485436893204
0.281797464748613
2.447367948526111
3.7708900523560214
-0.22209622102157178
4.931583880037487
1.5397543632837758
9.830450205403586
20.052174715614104
-1.380665876236275
1.4430123404704132
8.73419148736259
1.760873779066971
-0.8625297239055278
6.464867753139192
4.735450107727679
16.26375567895003
-0.963186872503508
57.54256899734366
-1.5223857868020296
2.491228070175441
2.3190531205055063
6.049818250897003
0.4696924550876247
8.209531959878678
10.497878359264503
28.031249999999982
15.711732015460644
-0.6666666666666665
11.451200173109319
-0.29093365586482856
7.462912087912086
15.534086054317964
4.261334884397271
6.855292520972434
11.795957481685095
0.6272727272727274
4.659234965248867
4.192637957058359
-0.1747339594002404
5.527197882975594
-0.0508860375322473
103.00934579439257
4.659234965248867
8.579999999999993
4.659234965248869
14.371667045565264
-0.025140365452899882
10.80296450628768
6.090149352837402
0.6981353253570122
5.3495882655687055
0.808425241957369
5.053261620815169
4.584253105226155
2.076268082768723
-0.5549999999999997
32.74152306837133
5.482206307979249
-1.2909011588866748
8.812633324499696
4.025476688989405
0.7588005215123861
9.830450205403594
-1.1092433043546068
4.402004716981133
6.253403918657579
6.41123862287297
7.859125055236415
3.70958493214063
11.564516129032253
2.7427751080578373
1.3647987371744295
10.598237675637057
43.51085307350274
1.7785714285714276
19.043478260869566
1.4589139646144664
2.236134453781509
52.968778398704764
7.274023912813458
17.67480656727685
-1.192048885387613
3.013162012172147
4.025476688989404
-0.3499909926139435
1.3494102637540033
11.229214162111688
-1.377371344722775
7.2123572364725685
9.135746133201774
-0.8625297239055274
-0.6785913581177883
153.4063532401525
8.137898564516615
-0.26827557148441405
-0.04234140967070843
19.792105263157893
94.0102040816326
35.99053881169854
35.29665040269784
-1.0013626909560345
4.735450107727679
7.0909090909090935
3.619302071973827
0.6981353253570126
0.18394843730145904
11.339443454757657
2.6262170636448667
5.178076984001267
1.8142748780528324
0.06315789473684319
3.896268767913334
-0.10138464560511862
11.564516129032269
-0.3058823529411767
1.334105019467538
0.11803719995708528
44.52061855670104
3.444534412955469
16.846246302149293
0.39474408568046604
-1.069919517102616
2.3401059248480163
3.833111253938645
5.527197882975594
-0.5868222591919601
113.8084889643463
64.89687044758128
2.155229400208021
0.5359365737996442
17.67480656727685
0.08128886729669382
10.598237675637057
15.359485136377558
0.2519737534261748
1.8322823928977225
23.32236350037397
4.735450107727679
17.891928494041174
4.697186514673783
11.795957481685095
0.833611138346896
5.012359550561797
17.047619047619033
16.454412027921965
11.795957481685099
5.618390615352954
9.303144729102232
-0.025140365452899882
4.891701828410685
0.14603174603174596
28.495591335431254
6.46486775313919
105.95646368194286
27.57964299097663
11.795957481685095
3.5309723307879723
8.067053889798386
6.519017882486514
23.32236350037397
1.171062593046118
3.560202401999633
5.136115894686384
-0.8200668896321068
8.89199341577681
0.3633674794401962
1.1000391136421088
6.049818250897006
-0.7368350394361469
16.454412027921972
-1.28363081935713
6.358123091404616
22.990042878783985
4.437873367168651
51.5894234300404
22.665461561897025
26.712594524119925
10.015114764980721
3.6193020719738263
7.3992912733581875
3.5896448925164997
1.7257824143070035
10.598237675637057
0.1460317460317464
-1.3229586426299054
11.451200173109319
-0.9238392821015435
0.7101491824147534
3.0904459255132286
38.22369668246446
-1.3194493153751452
32.15268166089965
2.0182824548371405
22.990042878783985
1.9425641025641038
-0.4894129590223142
42.54149613069647
17.67480656727685
-0.26827557148441317
5.758284925195628
0.43726959359531303
-0.24533133267006813
3.222843027700997
0.4159072079536048
5.306150977631532
3.3321255000495933
10.398820641675506
-0.05939368811842094
5.393406593406597
37.45270935960588
-0.26827557148441405
3.222843027700997
-0.8832785441019331
3.4899947474235216
3.38793103448276
4.192637957058359
2.135309503051438
8.209531959878678
1.5727255167085188
3.649176242558495
34.625906735751315
14.853191489361702
-0.23761885076477895
2.9125319693094633
3.4161319538381747
2.603356075972708
13.765130959341505
-0.16672246401071433
4.891701828410685
2.937435783774368
2.6723854000245773
-0.7873519757344076
3.6491762425584966
5.437610924267599
15.892503141141983
-1.0962819350198567
3.619302071973827
0.5471625246589507
12.155661970200326
17.67480656727685
62.90066516140841
21.439370078740165
1.980198551644488
-0.19856540951598012
12.660240963855424
6.740981475463105
1.8322823928977225
6.913309315491507
6.100000000000003
5.664602510460249
3.4161319538381747
4.931583880037487
11.120481343102522
15.53408605431797
0.8462990002279938
0.5359365737996447
1.2886823146641877
2.6262170636448667
-0.8254462927181603
13.334803753681754
32.15268166089966
3.008219489981788
1.5893500749474025
-0.05088603753224685
4.296088111865156
1.8322823928977225
3.7095849321406282
8.65665217109106
0.4588338262466314
-0.9387345258416655
40.71468290745398
14.193744865752944
-1.575446736472506
1.9425641025641047
-0.37163853670354596
1.411470012130632
4.025476688989407
177.77473225039876
28.031249999999982
17.461790374864936
5.437610924267599
-0.7311123658949752
-0.6118283726323921
-1.2763063761851328
3.3045167989319886
2.513367887211798
6.913309315491507
0.7101491824147539
41.610170777988635
1.9991838400326465
1.1282250071024986
-1.0962819350198567
9.650342787599214
5.527197882975594
4.659234965248867
2.037495372875081
13.765130959341505
-0.29093365586482856
2.135309503051439
6.913309315491507
0.11803719995708573
17.461790374864936
5.053261620815169
8.972287862513426
4.192637957058359
5.950844971135705
59.23203494216752
1.8869385907559204
-0.6845187149914835
71.6583809065273
2.095829885604724
69.26365187713307
10.3010395010395
8.579999999999995
-0.2984235610411825
2.8388124057660606
12.791111347810459
8.891993415776813
0.734354851215862
7.2123572364725685
29.464691581387456
10.015114764980721
13.47601453100258
1.5071489361702097
4.437873367168652
0.9767662586755788
20.589122970624388
16.648543689320398
4.366419811121539
-1.0107282084095224
30.491703457592926
2.095829885604724
0.018524520255864374
0.5811650159476236
26.712594524119925
0.17440521306021095
19.04347826086957
14.063530875166592
-0.9188364055299534
7.79130948861957
1.9613256240304606
5.220400091426761
4.474029106399404
6.000102031272585
4.296088111865156
10.497878359264504
6.358123091404616
0.3530055198257962
2.887794541100754
4.437873367168652
9.830450205403586
13.913142857142859
2.0568235823004315
232.60422654268822
0.9369279258799601
-1.3159269449431976
-0.7538702150258838
13.33480375368175
16.846246302149293
0.5136448598130832
1.114095177607406
0.036260056199238555
0.4915644030688262
79.86906789973229
7.859125055236406
5.8536834258957935
71.65838090652728
0.21283798283852162
-0.06786457348212593
0.6272727272727274
7.03110868998183
20.317787681578316
0.6272727272727274
0.7711143948262289
0.08128886729669293
11.795957481685095
-0.6486029944972911
0.8590507317250977
-0.12614881027319624
1.0172218127216412
-1.1719211822660098
-0.6425342114753163
2.7904767095131673
4.296088111865156
6.305513898092283
19.287918152335564
6.150653767097484
4.659234965248867
-0.5741693842068392
-1.360713572522133
3.38793103448276
1.2886823146641877
7.592179900804155
1.74327771895077
-0.5868222591919601
1.017221812721643
8.209531959878678
0.09041478949821391
37.04223676845576
5.950844971135705
29.970639208889793
1.656792390645367
18.113275727301072
1.7083870403949941
-0.7595046692534755
33.349374076449095
2.319053120505507
-0.5805084094923592
0.32220609579100046
2.9877491367081737
-0.05939368811842094
-0.26827557148441317
6.684670433991306
20.052174715614115
1.3647987371744286
7.462912087912088
6.464867753139192
-1.390476190476191
-0.8092458230774118
2.469228518921353
24.734843205574908
22.990042878783985
1.458913964614469
7.274023912813462
-0.3133101985927782
1.3494102637540033
0.795926327193933
1.5561938593450302
11.914151078109386
38.22369668246445
3.864571684186986
1.6910907815235392
1.1424291497975716
4.891701828410685
15.892503141141983
22.34835269128214
292.00337837837833
6.740981475463112
5.618390615352954
38.22369668246445
120.06069267355915
4.852151447113463
1.5397543632837758
9.650342787599214
-0.7195999696946744
22.03846153846154
4.931583880037487
6.305513898092283
2.2157222004735546
2.135309503051438
-0.1906552442695073
1.7785714285714285
1.6060682816415648
12.404253723801368
0.18394843730145904
29.46469158138745
3.896268767913332
1.0860562729700964
-1.227350658573289
0.5584423429912402
26.29620137299772
0.6041074929693471
0.5811650159476236
5.263089851325146
7.791309488619564
7.724221089890703
0.2519737534261748
54.41712328767124
-1.2350367329299914
-1.0609998075274276
2.3401059248480163
3.1428571428571432
4.19263795705836
9.922202166064983
4.659234965248867
-0.8781210080130069
-0.4350047908016612
11.451200173109324
42.54149613069647
9.303144729102232
2.0374953728750835
0.08128886729669516
-0.9238392821015435
2.719158321337889
22.03846153846154
17.46179037486494
1.5071489361702115
1.5234062968515723
-0.5741693842068396
3.2771014645176564
22.34835269128214
7.031108689981835
2.7665474060822888
4.735450107727679
134.77191232576115
5.8536834258957935
0.49156440306882665
3.0387479486050495
-1.308842886203183
5.618390615352954
0.4480263157894737
-0.5420922165460746
23.322363500373964
3.444534412955469
5.950844971135705
1.4909815650530849
-0.19856540951598012
12.923957240403729
57.54256899734366
0.6506637261970396
-0.72536737775253
3.387931034482758
3.5019524412247893
-1.180017144164666
12.034040378226429
1.8686133625105414
6.855292520972434
24.734843205574908
-0.10967482771033321
-0.6666666666666665
35.99053881169855
-0.5549999999999997
3.896268767913332
1.7785714285714285
5.0945122670209315
39.023255813953504
6.253403918657575
-0.059393688118420496
33.97716956413979
5.805766769555072
-1.1719211822660098
2.9877491367081737
5.527197882975594
2.195434670259159
3.473140527070904
1.0860562729700964
-0.7983411084277847
0.16490486257928172
6.971911764705881
1.3958279565948173
11.12048134310252
4.366419811121538
-1.5520727378734103
0.8718667835232243
0.7101491824147534
7.274023912813462
35.990538811698556
2.9625076204023575
7.927679573685966
4.621591721542801
12.03404037822643
1.0172218127216412
-0.10138464560511862
17.047619047619033
1.1424291497975716
2.4692285189213505
-0.3716385367035451
2.603356075972708
-1.0787727477186904
3.3321255000495915
1.9991838400326465
3.013162012172147
3.0645086705202287
22.990042878783992
14.853191489361702
-1.2540044035197897
3.0387479486050513
0.018524520255864374
7.791309488619564
-0.05939368811842094
7.791309488619561
8.891993415776817
5.572590878248876
2.603356075972708
6.000102031272585
7.462912087912084
0.9237833594976457
4.852151447113463
-1.680710626886455
9.135746133201776
6.305513898092283
-0.4556149732620316
7.724221089890703
-0.22209622102157178
71.65838090652728
0.5471625246589507
11.795957481685099
9.650342787599213
-1.113531629660663
0.9634188911324397
-1.2196073649554928
-0.7983411084277852
0.4159072079536039
8.812633324499702
9.474626865671649
0.7959263271939334
3.6792697395944067
7.031108689981831
14.216352489543336
2.4692285189213505
1.2588051349572087
76.94339068216209
-1.6849628870376359
5.950844971135705
2.3401059248480136
1.2588051349572105
-1.4827596139997117
2.0568235823004297
4.6215917215428055
4.474029106399403
1.3188823663631268
7.592179900804162
20.317787681578316
12.923957240403723
5.950844971135705
20.31778768157832
7.031108689981835
0.7465474796242737
5.220400091426761
-0.1906552442695073
2.8145645317428096
17.891928494041178
-0.36218049099018934
5.3158639028927475
2.3190531205055063
7.592179900804156
15.019111410625388
-1.211806415497617
2.4692285189213505
-1.0429587482219058
16.648543689320398
-0.07629890400465911
-0.5741693842068396
-0.5159643294282201
12.923957240403729
4.226852531181217
-0.475975764407496
11.795957481685095
-1.336866450802881
0.6156620787850029
26.712594524119925
7.657848324514994
2.5580735384405484
0.859050731725099
5.437610924267595
18.803936731107207
2.3190531205055063
0.9901822031537302
4.1249999999999964
4.296088111865156
0.9767662586755788
0.5359365737996447
14.21635248954335
13.47601453100258
67.01408450704226
-0.8935348044159626
49.018867924528294
19.043478260869552
1.3647987371744295
1.411470012130632
-1.033836279698232
6.971911764705885
-0.5678050582923735
4.697186514673781
23.32236350037397
31.581972506074642
2.175270765180442
0.9107054325911395
-0.6180181897915995
4.091570658634465
1.114095177607406
0.48060253535969233
7.859125055236415
-0.39302059496567354
22.348352691282138
143.5067796610169
12.660240963855424
0.29183008174933445
1.2292459547091328
12.155661970200322
6.519017882486514
2.175270765180442
0.5136448598130836
0.8718667835232248
11.564516129032258
1.5071489361702097
-0.9534614088425197
9.739837398373988
37.4527093596059
4.510475332282045
12.404253723801368
-0.10967482771033321
1.9239130434782616
-0.6425342114753163
4.547215496368041
25.890635680109373
20.866367166679368
18.56914807964312
2.5356492709272045
71.65838090652728
7.33633193797424
-0.4827079352824186
5.950844971135705
11.914151078109386
-0.846758557736194
1.5397543632837758
3.013162012172147
4.891701828410685
7.79130948861957
0.9767662586755788
18.113275727301072
2.8877945411007557
-1.3872182570647669
3.2228430277009954
0.5811650159476236
29.970639208889786
1.4114700121306294
3.960383427167015
-1.514070735492422
17.891928494041185
22.34835269128214
-0.7818255092118447
7.399291273358191
1.200000000000002
23.66270314577105
-1.0831746031746026
33.34937407644909
0.136658466883274
4.659234965248867
8.65665217109106
0.9237833594976466
0.08128886729669338
9.922202166064977
4.697186514673783
59.23203494216752
4.621591721542803
-1.4317416569090209
2.44736794852611
4.931583880037487
-0.8467585577361936
12.660240963855424
1.6060682816415612
10.907385444743934
5.805766769555067
0.8847476106211953
37.4527093596059
4.437873367168653
7.462912087912084
22.03846153846154
-0.05939368811842094
9.218944099378879
-0.8729437514474232
30.49170345759294
-1.3088428862031833
-0.6241835635718189
4.659234965248867
120.06069267355916
-0.9728391103987173
7.462912087912084
0.16490486257928172
3.090445925513227
8.656652171091062
1.850394927133162
2.3826075077621214
12.660240963855415
4.697186514673783
4.621591721542805
2.135309503051438
3.3599295689413617
2.1752707651804446
0.9901822031537293
13.765130959341501
4.971801723886619
2.5806420233463054
3.473140527070905
18.338972528325314
11.56451612903226
12.531302521008403
90.05063377286257
2.79047670951317
17.047619047619033
49.01886792452832
2.0568235823004306
11.45120017310932
0.5926085956284974
9.650342787599213
16.846246302149293
10.398820641675504
-1.0060542583268166
1.0172218127216412
4.3311153567428695
33.349374076449095
1.8869385907559204
18.803936731107203
41.610170777988614
47.81930501930505
5.220400091426757
0.9237833594976466
4.971801723886619
1.2588051349572087
-0.6303246130667035
7.274023912813462
1.9801985516444889
0.963418891132438
-0.5027421164153059
2.6723854000245773
2.340105924848018
20.589122970624388
1.072146118721463
6.628911458100307
0.5247641359510782
4.774029543112334
19.537407888249064
2.69569557080474
44.52061855670103
-0.2758598312783902
-0.9238392821015426
5.053261620815169
0.23231690959492113
2.8388124057660606
4.891701828410687
3.0645086705202322
9.561945926873372
164.72021289464138
4.547215496368038
-0.6904228944626065
0.4915644030688262
6.41123862287297
0.8209866996597581
0.6272727272727274
0.4588338262466314
-0.7253673777525305
1.556193859345032
3.8018848923861155
28.495591335431236
8.65665217109106
1.656792390645367
9.135746133201781
-0.22987387313722696
12.923957240403723
4.6971865146737795
5.572590878248876
-0.8038039696477681
22.03846153846154
5.263089851325146
-1.2540044035197897
1.303741673059979
-0.393020594965674
0.9901822031537293
11.914151078109386
3.3045167989319886
17.25276481466989
13.619439501779365
12.660240963855417
4.510475332282048
16.454412027921965
0.7959263271939321
4.891701828410687
12.279053502739249
23.322363500373957
16.26375567895003
6.049818250897003
0.9767662586755788
1.4749034749034742
17.047619047619033
-0.15059681697612737
0.7101491824147534
14.853191489361702
-0.5741693842068392
16.846246302149293
7.0909090909090935
19.28791815233556
6.740981475463112
0.7343548512158624
37.45270935960591
3.8962687679133303
4.8129286815617816
6.411238622872972
4.852151447113463
0.4053008986112365
15.359485136377565
4.852151447113463
16.26375567895003
-0.8520357497517383
2.15522940020802
1.072146118721462
0.09041478949821391
-1.459156850948004
0.3842364532019724
11.45120017310932
13.05882352941175
2.937435783774368
-0.7818255092118447
4.659234965248867
3.3045167989319886
3.2498775230658072
26.29620137299771
-0.7983411084277852
1.2292459547091346
35.99053881169855
-0.10138464560511906
59.23203494216752
2.2157222004735555
3.70958493214063
6.253403918657572
14.853191489361702
18.803936731107207
-0.94857101952433
5.393406593406597
5.178076984001267
57.54256899734364
-1.4999999999999998
-0.3859224821619476
2.3826075077621187
-1.1431066389181164
-0.8935348044159617
0.569776386456339
-0.991926405294278
13.058823529411757
10.20451055304076
57.54256899734366
0.9901822031537293
0.6156620787850025
5.902040816326531
0.833611138346896
2.15522940020802
12.923957240403729
2.135309503051438
17.04761904761904
6.049818250897005
0.2031645569620255
10.802964506287672
14.853191489361702
-0.4556149732620316
2.9625076204023575
6.628911458100308
1.8686133625105414
45.57337182426939
12.03404037822643
-1.1263011132358083
5.9508449711357105
9.05353314489893
0.7465474796242737
3.195996057957796
8.73419148736259
3.8962687679133303
-1.409770804671721
-0.9485710195243282
2.513367887211796
0.07220331544958114
6.855292520972434
0.7834895214383644
6.358123091404618
0.8847476106211958
7.592179900804155
94.01020408163264
-1.2273506585732887
21.439370078740158
7.0909090909090935
5.950844971135705
40.71468290745398
-0.9337882599148002
2.719158321337889
4.547215496368044
8.504219945892203
12.791111347810457
1.8503949271331663
6.253403918657577
10.109210030703906
0.3633674794401953
28.97321273695949
28.973212736959482
12.155661970200322
2.0374953728750835
10.398820641675508
3.740124223602482
15.019111410625388
3.7708900523560214
1.3647987371744295
13.765130959341505
1.030846484935438
49.01886792452831
0.9107054325911386
5.178076984001267
4.931583880037487
25.110342053200924
0.5811650159476227
14.063530875166595
-0.3859224821619476
-0.6726407126578877
12.66024096385542
2.3190531205055063
1.114095177607406
-0.4419028003264742
0.3426915039435525
-0.803803969647769
6.305513898092281
52.968778398704785
22.990042878783985
2.5580735384405484
1.7432777189507682
24.011355178939763
17.047619047619033
0.6041074929693457
-1.0609998075274276
28.97321273695948
11.45120017310932
45.57337182426939
15.019111410625388
0.21283798283852162
1.8869385907559204
-0.7482138604429625
24.734843205574908
21.149715055185528
0.6389398160506996
2.447367948526108
12.27905350273925
6.46486775313919
34.62590673575131
14.371667045565264
19.04347826086957
9.303144729102232
-0.6180181897915986
5.012359550561797
8.812633324499695
-1.0962819350198567
8.579999999999995
18.3389725283253
7.3992912733581875
1.5071489361702097
-0.40008967195341016
28.495591335431236
14.37166704556526
7.212357236472572
2.0182824548371396
3.222843027700997
16.26375567895003
3.3045167989319886
1.3958279565948173
9.13574613320178
5.853683425895795
17.25276481466989
1.9239130434782625
7.212357236472572
-0.1261488102731967
6.7409814754631086
4.296088111865156
1.1000391136421097
12.79111134781046
83.01149425287355
0.3324251292480227
-1.0654680063458495
5.572590878248873
3.7401242236024856
6.305513898092281
10.109210030703906
1.0445417484523638
-0.5027421164153059
1.539754363283774
-1.4531443298969078
-0.4624294239740738
3.013162012172147
-1.279975385603254
1.9613256240304606
134.77191232576112
-0.684518714991484
-0.8254462927181594
25.890635680109366
8.5042199458922
10.598237675637057
2.2157222004735546
-1.0787727477186912
7.724221089890703
-1.3194493153751436
3.9928063666487326
4.971801723886619
19.04347826086956
17.461790374864933
6.049818250897003
12.660240963855424
3.3599295689413626
-0.6118283726323921
1.185493016726002
14.063530875166595
-0.4624294239740738
13.195756473248444
0.16490486257928083
5.572590878248876
9.388366134220137
28.97321273695949
5.136115894686384
2.9877491367081728
26.712594524119925
8.891993415776808
3.7708900523560187
4.971801723886617
-1.0565148517972691
2.236134453781509
9.922202166064983
-0.34999099261394306
6.913309315491507
-0.43500479080166166
12.27905350273925
-0.9631868725035075
29.464691581387463
21.439370078740158
6.740981475463112
-0.7538702150258847
0.4480263157894737
3.387931034482758
12.034040378226429
24.368627450980394
1.00366722080242
18.56914807964312
4.697186514673783
0.8462990002279938
14.371667045565264
-0.5355994807955335
11.22921416211168
-0.42807863929813417
9.739837398373988
0.5584423429912397
7.791309488619564
10.301039501039503
-1.6078016430162467
-0.8467585577361936
0.9369279258799597
-0.5993749276536628
5.482206307979249
-0.8986337020169155
0.7588005215123865
0.07220331544958114
0.2718107272482868
7.724221089890706
-1.5140707354924219
2.8388124057660598
6.971911764705885
3.3599295689413626
-1.0743544082246264
0.32220609579100046
0.30190886562032526
13.058823529411754
2.7427751080578373
33.97716956413979
27.57964299097662
0.3947440856804656
7.2123572364725685
0.281797464748613
-0.22987387313722651
20.317787681578316
19.287918152335564
4.025476688989407
11.679424024251613
1.0036672208024218
54.41712328767124
3.530972330787969
25.495481020285183
3.473140527070904
1.185493016726003
2.719158321337889
3.013162012172147
39.0232558139535
9.218944099378879
25.890635680109373
1.3958279565948173
4.261334884397265
-0.8884164472469003
37.45270935960591
6.684670433991306
38.22369668246445
4.774029543112334
0.09958132323467028
4.931583880037487
33.34937407644909
-1.109243304354607
0.615662078785002
2.076268082768725
26.712594524119925
2.5806420233463063
0.09041478949821347
-1.6221886358190454
2.0374953728750844
0.6506637261970396
3.864571684186986
0.871866783523223
9.650342787599213
2.0568235823004297
-1.223486191337192
10.907385444743937
19.043478260869566
11.679424024251608
8.28196721311475
2.361290322580645
22.03846153846154
0.31203410619387784
2.4473679485261073
6.628911458100308
3.038747948605052
5.178076984001267
10.598237675637057
7.724221089890703
0.4372695935953126
11.914151078109386
4.697186514673783
259.00380228136885
2.2773375873131334
3.0645086705202287
1.4430123404704132
-1.029249312550023
-0.4624294239740738
0.7465474796242737
