0.01683561328462507
0.0016835022799199996
0.04883610136207073
-0.033674806027782944
-0.048836101362070734
-0.005050521153865786
0.047151145161259206
-0.02862245927081905
0.11805022341835988
-0.015151949958888992
-0.0910031510386579
-0.05220632915348871
-0.04378153017947132
0.020203050891044273
-0.026938470196182365
-0.07075129958200362
0.00841758297073772
0.005050521153865788
-0.015151949958888985
-0.04546628929803161
-0.011784716361182423
0.021886832333364817
0.030306509211290838
0.013468318844370303
0.033674806027782944
-0.03199062360193688
0.02525453840368792
0.021886832333364813
0.0
0.02357066031025266
0.07581198289444703
-0.05389160793542305
0.04715114516125924
0.010101138929743582
-0.06063390625908315
0.010101138929743582
0.01851931240180703
-0.05726251325888088
-0.0016835022799200042
-0.025254538403687923
-0.01851931240180703
0.06063390625908315
-0.08424973560473535
0.0033670081383569694
0.042096864213693005
0.003367008138356974
0.07243803843350805
0.015151949958888989
0.05726251325888088
0.060633906259083166
0.04209686421369299
0.038727797377856886
0.010101138929743578
-0.030306509211290838
-0.03199062360193688
-0.010101138929743575
-0.06231979464182031
0.026938470196182365
-0.02357066031025265
0.011784716361182425
-0.0050505211538657896
-0.08424973560473538
-0.1095917693607416
0.05220632915348872
0.0
0.015151949958888983
-0.05315372489203291
-0.011784716361182423
-0.01683561328462507
-0.04209686421369299
0.02357066031025265
-0.03535906007457749
-0.016835613284625062
-0.033674806027782944
0.03367480602778296
-0.04378153017947132
0.06400581575107848
0.0033670081383569694
-0.005050521153865786
0.011784716361182425
0.10282924650479061
0.048836101362070734
0.03199062360193688
0.06906471149860799
0.0134683188443703
0.026938470196182358
-0.03199062360193688
-0.023570660310252664
-0.05557700143767267
0.042096864213693005
-0.0067340449050777695
0.10113917425784211
0.028622459270819047
-0.008417582970737723
-0.006734044905077771
0.006734044905077775
-0.03704338932883193
-0.042096864213693
-0.04883610136207072
-0.013468318844370311
0.0069565638205510445
0.025254538403687913
-0.01515194995888898
-0.026938470196182368
-0.010101138929743587
0.0
0.038727797377856886
0.033674806027782944
0.021886832333364817
-0.053891607935423066
-0.06569197319218965
-0.10790079625970904
-0.01851931240180704
-0.0774991957348437
0.003367008138356965
-0.030306509211290845
-0.02357066031025266
0.04378153017947131
0.0067340449050777695
0.03704338932883193
-0.04715114516125924
-0.05220632915348872
0.037043389328831944
-0.015151949958888992
0.02020305089104426
-0.03199062360193688
-0.02357066031025265
0.09944931809685688
0.01683561328462507
-0.10621005385352322
-0.02525453840368792
0.11128297681493146
0.01851931240180703
-0.01683561328462507
-0.0050505211538657965
-0.020203050891044273
-0.01010113892974358
-0.038727797377856886
0.018519312401807035
0.021886832333364817
0.005050521153865791
0.030306509211290838
-0.02357066031025266
0.018519312401807035
0.011784716361182425
0.03367480602778295
0.05052116149445017
-0.06400581575107847
0.005050521153865791
-0.03367480602778295
0.011784716361182414
0.008417582970737721
-0.015151949958888985
0.011784716361182428
-0.07075129958200362
0.0016835022799200012
0.07243803843350803
-0.050521161494450184
-0.01178471636118242
0.005050521153865789
-0.02525453840368793
0.0050505211538657896
0.03367480602778295
0.020203050891044266
-0.031990623601936885
0.038727797377856886
-0.01683561328462507
0.03535906007457749
0.08256184011775496
-0.018519312401807025
0.0033670081383569694
-0.038727797377856886
0.0033670081383569673
-0.030306509211290845
0.015151949958888992
0.005050521153865791
0.01178471636118242
0.03535906007457749
0.05052116149445018
-0.05052116149445017
-0.060633906259083166
-0.003367008138356971
0.04378153017947131
0.010101138929743583
0.006734044905077769
0.04041228780980167
-0.015151949958888989
0.06737827057193989
-0.025254538403687927
-0.11974265760244447
-0.00505052115386579
0.04209686421369299
0.0016835022799199944
0.06063390625908315
-0.008417582970737724
-0.020203050891044266
-0.010101138929743575
0.031990623601936885
-0.026938470196182365
0.04715114516125921
0.005050521153865791
-0.08256184011775496
0.05726251325888088
0.06400581575107848
-0.021886832333364813
-0.01851931240180704
0.020203050891044263
0.06737827057193989
-0.011784716361182428
0.025254538403687923
0.06400581575107848
-0.006734044905077773
0.07075129958200362
-0.025254538403687913
-0.020203050891044266
-0.0033670081383569694
0.04209686421369301
0.0673782705719399
-0.021886832333364813
-0.02525453840368793
-0.003367008138356966
0.05726251325888088
0.06400581575107846
-0.030306509211290838
0.015151949958888983
-0.03367480602778295
-0.013468318844370308
-0.05894814699895008
-0.04041228780980166
-0.005050521153865793
0.0791865738053497
0.04209686421369299
0.10621005385352322
0.05220632915348872
0.028622459270819047
0.01851931240180704
-0.0008964590770549561
0.005050521153865789
0.04883610136207073
0.006734044905077761
0.11805022341835991
0.005050521153865791
-0.05894814699895007
0.040412287809801654
-0.0791865738053497
0.030306509211290845
0.10621005385352322
0.015151949958888992
-0.02020305089104427
-0.018519312401807028
-0.011784716361182425
0.030306509211290845
-0.01010113892974358
-0.040412287809801654
-0.0016835022799199953
-0.003367008138356972
-0.042096864213693005
-0.09269198141984956
0.1095917693607416
-0.07581198289444703
0.03367480602778295
-0.0774991957348437
0.011784716361182427
0.04546628929803159
-0.047151145161259234
0.042096864213693005
0.010101138929743576
0.01010113892974358
-0.04041228780980167
0.005050521153865787
-0.07412493166610994
0.013468318844370308
0.0016835022799199953
-0.0673782705719399
-0.015151949958888985
0.1248215130080797
0.040412287809801654
-0.011784716361182418
-0.033674806027782944
0.035359060074577495
0.023570660310252657
0.010101138929743582
-0.005050521153865792
0.03535906007457749
-0.04378153017947131
-0.04209686421369299
-0.0859378108120655
-0.06569197319218965
-0.05726251325888088
0.037043389328831944
0.04378153017947132
-0.010101138929743585
0.02525453840368793
0.01178471636118243
0.02188683233336481
-0.016835613284625076
-0.01683561328462506
-0.013468318844370308
0.05894814699895007
-0.001683502279919996
0.030306509211290845
0.01683561328462507
-0.04041228780980167
0.07918657380534973
-0.026938470196182368
-0.013468318844370315
0.03704338932883193
0.026938470196182358
-0.011784716361182425
0.001683502279919996
0.015151949958888987
0.02862245927081905
0.026938470196182365
0.003367008138356969
0.00841758297073772
-0.06231979464182033
-0.0016835022799200012
0.013468318844370308
-0.0016835022799199981
-0.008417582970737721
-0.011784716361182428
0.0016835022799199981
-0.05894814699895006
0.008417582970737721
-0.008417582970737721
-0.045466289298031606
-0.013468318844370308
-0.05220632915348871
-0.013397429766453795
0.045466289298031606
-0.006734044905077774
0.042096864213693005
0.020203050891044273
0.04546628929803159
-0.011784716361182428
0.01683561328462508
-0.069064711498608
0.05389160793542306
-0.0033670081383569694
0.03199062360193688
-0.05052116149445018
0.015151949958888985
-0.030306509211290838
0.019802950859533524
0.05220632915348872
-0.0387277973778569
-0.010101138929743578
0.05389160793542305
0.05894814699895005
0.008417582970737726
-0.0033670081383569686
0.025254538403687923
0.05726251325888088
-0.025254538403687923
0.03535906007457749
-0.02693847019618237
-0.013468318844370313
-0.005050521153865791
-0.0067340449050777695
0.04883610136207074
0.0016835022799199981
0.0
-0.015151949958888989
-0.010101138929743582
-0.05726251325888086
-0.0387277973778569
-0.030306509211290834
-0.07243803843350803
0.030306509211290834
0.013468318844370306
0.05894814699895006
0.02862245927081904
-0.05220632915348872
0.030306509211290838
0.04041228780980167
0.07243803843350803
-0.08256184011775496
-0.0707512995820036
-0.006734044905077764
0.008417582970737717
0.04883610136207074
-0.04378153017947132
-0.023570660310252664
-0.069064711498608
0.021886832333364806
-0.013468318844370308
-0.011784716361182421
0.0
0.006734044905077765
-0.09607023944973186
0.018519312401807028
-0.038727797377856886
0.03535906007457749
-0.006734044905077769
-0.02525453840368792
-0.015151949958888985
0.07581198289444703
0.0016835022799199923
-0.033674806027782944
0.005050521153865787
-0.015151949958888985
-0.04546628929803158
0.008417582970737721
0.005050521153865791
-0.048836101362070734
-0.09438100967772016
-0.008417582970737724
-0.0033670081383569694
0.01515194995888898
0.0910031510386579
-0.042096864213693
-0.057262513258880904
-0.04715114516125924
0.05726251325888087
0.07581198289444702
-0.0454662892980316
0.020203050891044266
0.01683561328462507
-0.0016835022799199994
-0.013468318844370311
0.010101138929743583
-0.028622459270819047
-0.028622459270819047
-0.042096864213693005
-0.030306509211290845
-0.0033670081383569694
0.04715114516125923
0.0
0.06569197319218967
0.08593781081206547
-0.016835613284625073
0.008417582970737723
-0.008417582970737721
-0.06906471149860799
-0.04546628929803159
0.005050521153865789
0.04715114516125922
-0.09269198141984956
0.05052116149445017
-0.053891607935423046
0.05052116149445019
-0.01010113892974358
0.038727797377856886
0.01346831884437031
-0.03367480602778295
-0.015151949958888983
-0.07243803843350803
0.008417582970737714
-0.025254538403687927
-0.04715114516125921
0.0067340449050777695
0.026938470196182368
-0.005050521153865795
-0.04041228780980167
-0.02862245927081904
-0.043781530179471326
0.025254538403687916
0.04041228780980167
-0.05726251325888086
-0.02862245927081904
-0.02862245927081906
0.0859378108120655
0.0
0.06400581575107848
-0.020203050891044266
-0.04209686421369299
-0.01683561328462506
-0.003367008138356968
0.02357066031025266
-0.07075129958200362
-0.05726251325888088
0.030306509211290838
0.045466289298031606
-0.03535906007457749
0.0067340449050777695
0.015151949958888992
-0.030306509211290838
-0.03704338932883194
0.010101138929743582
-0.07581198289444703
-0.10451953848635015
0.01515194995888898
0.030306509211290834
0.01178471636118242
0.0522063291534887
-0.0774991957348437
-0.06400581575107846
-0.003367008138356974
-0.011784716361182423
0.023570660310252654
0.0016835022799199986
-0.0016835022799199953
-0.018519312401807035
0.005050521153865785
0.00505052115386579
-0.07581198289444703
0.04715114516125924
-0.08256184011775498
-0.06400581575107847
0.04715114516125923
-0.0033670081383569673
0.07918657380534973
-0.01683561328462507
-0.0808741207257805
0.0016835022799199918
-0.06063390625908315
-0.07075129958200362
0.10282924650479063
-0.03704338932883193
-0.0016835022799199981
0.06231979464182031
0.03872779737785689
-0.008417582970737726
-0.06231979464182033
0.020203050891044266
-0.006734044905077771
0.018519312401807035
-0.0067340449050777695
-0.10282924650479064
-0.03872779737785689
-0.03872779737785689
-0.005050521153865788
-0.006734044905077771
0.005050521153865787
-0.028622459270819058
0.023570660310252647
-0.00841758297073772
-0.038727797377856886
0.0009601537352250245
0.011784716361182423
0.0016835022799199981
-0.020203050891044266
0.08256184011775496
-0.015151949958888992
-0.03199062360193688
0.05220632915348871
-0.04546628929803159
-0.04715114516125921
-0.023570660310252657
0.031990623601936885
0.0673782705719399
-0.0067340449050777695
-0.021886832333364813
0.0
-0.01178471636118242
0.02862245927081905
0.048836101362070734
0.042096864213693
-0.013468318844370306
0.020203050891044273
0.04209686421369301
-0.00841758297073772
0.013468318844370311
0.015151949958888992
0.001683502279920002
-0.023570660310252647
0.02693847019618237
-0.09944931809685686
-0.010101138929743578
-0.013468318844370306
0.03367480602778295
-0.04209686421369299
-0.008417582970737721
0.021886832333364803
0.013468318844370305
0.021886832333364806
0.020203050891044266
0.013468318844370308
-0.010101138929743576
0.020203050891044273
-0.042096864213693
0.02862245927081905
-0.08762606936701196
0.006734044905077772
0.0016835022799200042
-0.013468318844370313
0.008417582970737723
-0.04209686421369299
0.0033670081383569664
0.050521161494450184
-0.0016835022799199981
-0.01851931240180704
-0.020203050891044266
0.006734044905077769
-0.0067340449050777625
-0.00841758297073772
-0.020203050891044266
0.062319794641820324
0.013468318844370305
0.030306509211290838
0.008417582970737723
0.0016835022799199949
-0.01683561328462507
0.05389160793542306
-0.038727797377856886
-0.0033670081383569642
0.03704338932883193
0.06231979464182033
-0.05894814699895006
0.0016835022799199907
0.10959176936074164
-0.05726251325888088
-0.03704338932883193
-0.038727797377856886
0.05726251325888085
-0.04546628929803161
-0.008417582970737724
-0.0808741207257805
0.10790079625970904
-0.02357066031025266
0.03535906007457749
0.031990623601936885
0.042096864213693005
-0.05052116149445017
0.015151949958888983
-0.07918657380534971
-0.030306509211290838
0.09944931809685686
0.05726251325888087
-0.01851931240180703
0.04378153017947132
-0.031990623601936864
-0.0033670081383569694
-0.04378153017947132
-0.005050521153865791
-0.0050505211538657896
0.01683561328462507
-0.05052116149445019
-0.013468318844370306
0.01010113892974358
-0.011784716361182428
-0.016835613284625062
0.048836101362070734
-0.02188683233336481
-0.06063390625908315
0.023570660310252657
-0.04546628929803157
-0.028622459270819047
0.062319794641820324
0.02525453840368793
-0.048836101362070734
0.0016835022799200027
0.02525453840368793
-0.0033670081383569703
0.05894814699895007
0.030306509211290845
0.03535906007457749
-0.01178471636118242
0.025254538403687923
0.033674806027782965
0.010101138929743578
-0.05726251325888088
0.0033670081383569738
0.09438100967772016
0.03030650921129085
-0.0673782705719399
-0.006734044905077771
-0.015151949958888985
0.02862245927081906
-0.03199062360193688
0.01683561328462507
0.003367008138356968
-0.006734044905077764
-0.047151145161259234
0.008417582970737712
0.03704338932883192
-0.037043389328831916
0.028622459270819047
0.006734044905077769
0.06569197319218967
-0.03199062360193688
0.045466289298031586
0.01851931240180703
-0.05389160793542306
-0.05052116149445019
0.0774991957348437
-0.005050521153865799
0.040412287809801675
0.03535906007457749
-0.010101138929743587
0.050521161494450184
-0.01851931240180703
-0.035359060074577495
0.0050505211538657896
-0.020203050891044277
0.04209686421369301
0.04546628929803157
0.06400581575107848
0.006734044905077769
-0.060633906259083166
0.025254538403687923
-0.11466610942864242
0.010101138929743583
-0.042096864213693
-0.060633906259083166
-0.06063390625908315
0.010101138929743578
0.06231979464182033
-0.0016835022799199992
-0.0673782705719399
-0.02525453840368792
0.02188683233336482
0.04378153017947132
0.0
-0.008417582970737721
0.03199062360193688
0.04546628929803161
0.013468318844370311
-0.023570660310252657
-0.015151949958888985
0.013468318844370311
0.0017683472871465665
-0.1095917693607416
0.03535906007457749
-0.00336700813835697
-0.016835613284625066
0.030306509211290845
-0.030306509211290845
0.021886832333364824
0.011784716361182423
-0.05726251325888086
0.0033670081383569694
0.05894814699895005
-0.026938470196182358
0.028622459270819044
0.08762606936701194
-0.020203050891044273
0.025254538403687923
-0.010101138929743583
-0.043781530179471305
-0.02862245927081905
-0.03535906007457749
0.03535906007457749
-0.006734044905077773
-0.026938470196182368
-0.04883610136207072
-0.020203050891044266
0.0050505211538657835
-0.020203050891044266
-0.035359060074577495
0.013468318844370313
0.05389160793542305
0.06400581575107848
-0.06737827057193989
0.06400581575107846
0.04546628929803157
-0.031990623601936885
0.003367008138356962
0.010101138929743587
0.006734044905077773
0.0050505211538657896
0.04715114516125924
0.045466289298031606
-0.03872779737785689
-0.09607023944973185
-0.038727797377856886
0.04378153017947132
0.05557700143767267
-0.015151949958888985
-0.011784716361182432
0.02188683233336482
0.02862245927081905
0.025254538403687923
-0.005050521153865788
0.005050521153865787
0.08256184011775497
-0.03535906007457749
-0.07749919573484373
0.07581198289444702
-0.008417582970737721
0.025254538403687913
-0.10282924650479064
-0.030306509211290834
-0.005050521153865795
0.11466610942864242
0.03535906007457749
-0.02357066031025266
-0.03199062360193688
0.05052116149445017
-0.010101138929743578
0.033674806027782944
-0.006734044905077776
-0.042096864213693005
-0.03367480602778297
0.008417582970737721
0.05220632915348872
-0.07243803843350805
-0.040412287809801675
-0.02357066031025266
0.008417582970737721
-0.008417582970737723
-0.030306509211290845
0.0033670081383569716
0.02357066031025266
-0.010101138929743587
0.037043389328831944
0.00841758297073772
0.01683561328462507
0.0
-0.15025388410898693
0.0016835022799199981
0.0016835022799200005
0.10621005385352322
-0.02020305089104428
-0.026938470196182358
0.003367008138356971
-0.03704338932883194
0.011784716361182418
-0.05894814699895007
-0.025254538403687923
0.001683502279919993
0.008417582970737717
-0.03704338932883193
-0.025254538403687923
-0.07918657380534971
0.09438100967772015
0.010101138929743576
0.03872779737785689
0.010101138929743573
0.07243803843350803
-0.013468318844370315
0.010101138929743573
-0.05052116149445018
0.010101138929743573
-0.020203050891044266
0.05203554034579308
-0.04209686421369301
-0.011784716361182428
0.07749919573484373
-0.011784716361182425
0.005050521153865791
0.02525453840368792
-0.07581198289444703
0.06569197319218967
0.020203050891044266
-0.033674806027782965
-0.038727797377856886
0.075811982894447
-0.01346831884437031
-0.03367480602778295
0.0673782705719399
0.011784716361182418
-0.0016835022799199981
-0.025254538403687923
0.0016835022799200057
-0.08931451489880074
-0.0707512995820036
-0.03199062360193688
0.02188683233336482
-0.015151949958888992
-0.048836101362070734
-0.08593781081206547
0.02862245927081904
0.020203050891044266
-0.05726251325888088
0.00841758297073772
0.09269198141984958
-0.016835613284625073
0.02357066031025265
-0.021886832333364813
0.01010113892974358
-0.06231979464182033
-0.026938470196182358
0.07412493166610995
-0.048836101362070734
0.02693847019618237
0.069064711498608
0.01851931240180703
0.04378153017947132
0.026938470196182368
0.048836101362070734
0.048836101362070734
-0.023570660310252657
-0.013468318844370305
0.03535906007457749
-0.0033670081383569655
0.033674806027782944
0.01010113892974358
0.07749919573484369
0.11466610942864242
-0.02862245927081906
0.05557700143767267
-0.055577001437672656
-0.0016835022799200042
0.03535906007457749
0.0016835022799199981
-0.030306509211290845
0.06063390625908315
0.003367008138356972
0.008417582970737724
0.033674806027782944
-0.013468318844370306
0.02357066031025266
0.08424973560473535
-0.03535906007457749
-0.038727797377856886
-0.0454662892980316
0.03199062360193688
-0.003367008138356968
0.038727797377856886
-0.06569197319218967
0.026938470196182368
-0.006734044905077767
-0.030306509211290834
-0.0016835022799200012
0.0808741207257805
0.00336700813835697
0.08593781081206552
0.018519312401807028
0.005050521153865786
0.04378153017947131
0.02862245927081905
-0.005050521153865786
-0.04041228780980166
0.02525453840368793
-0.050521161494450184
0.010101138929743582
0.08762606936701194
-0.030306509211290845
0.00673404490507777
-0.069064711498608
-0.0016835022799199914
-0.05052116149445016
-0.05557700143767267
0.033674806027782944
-0.035359060074577495
-0.003367008138356963
-0.03535906007457749
-0.01683561328462507
0.06063390625908315
-0.05220632915348872
0.09269198141984956
0.03704338932883194
0.0016835022799199986
-0.0016835022799199953
0.021886832333364813
-0.008417582970737717
-0.02525453840368791
0.00841758297073772
-0.07918657380534971
0.03704338932883194
0.060633906259083166
0.048836101362070734
-0.04075087378482403
-0.016835613284625066
0.025254538403687923
-0.01851931240180704
-0.033674806027782944
0.026938470196182365
-0.020203050891044277
0.05726251325888086
-0.011784716361182421
0.03704338932883193
0.010101138929743582
0.03872779737785688
0.021886832333364803
0.003367008138356963
-0.016835613284625062
0.01683561328462507
0.020203050891044266
0.031990623601936885
-0.011784716361182418
-0.07749919573484369
-0.00841758297073773
0.00841758297073772
0.028622459270819047
-0.01683561328462507
-0.006734044905077765
-0.050521161494450184
-0.018519312401807042
-0.016835613284625076
0.015151949958888985
0.048836101362070734
-0.0016835022799199975
-0.006734044905077769
-0.03535906007457749
-0.02862245927081904
0.042096864213693005
0.020203050891044266
-0.02693847019618237
0.04378153017947132
-0.016835613284625073
-0.02020305089104427
-0.060633906259083166
0.069064711498608
-0.04209686421369299
-0.060633906259083166
-0.026938470196182365
0.013468318844370306
0.04378153017947132
0.04378153017947132
0.04041228780980167
-0.015151949958888985
0.0067340449050777695
0.03199062360193688
-0.030306509211290838
0.008417582970737721
-0.026938470196182368
0.021886832333364806
0.030306509211290834
0.02862245927081905
0.08762606936701196
0.0
0.03704338932883192
0.05389160793542306
-0.04209686421369299
0.01851931240180703
-0.04378153017947132
-0.020203050891044266
0.028622459270819047
0.006734044905077765
-0.02862245927081905
0.02357066031025266
-0.045466289298031606
-0.026938470196182365
0.048836101362070734
0.03535906007457749
-0.0016835022799199955
-0.006734044905077769
-0.02188683233336481
0.04041228780980167
-0.0791865738053497
0.05726251325888086
-0.045466289298031606
-0.010101138929743578
-0.04546628929803157
-0.0859378108120655
0.04378153017947131
-0.04715114516125923
0.0791865738053497
0.05894814699895005
-0.033674806027782944
-0.033674806027782944
-0.006734044905077773
0.0033670081383569647
-0.0033670081383569694
0.023570660310252657
0.005050521153865795
-0.07243803843350803
0.0016835022799200012
-0.01178471636118242
-0.0910031510386579
0.028622459270819047
0.04883610136207073
-0.04715114516125924
-0.015151949958888992
-0.07075129958200364
-0.0791865738053497
0.022771874406428822
0.01178471636118242
-0.0033670081383569725
0.033674806027782944
0.0016835022799199996
0.053891607935423046
-0.05894814699895006
0.011784716361182423
0.0859378108120655
-0.05557700143767267
-0.0033670081383569738
-0.038727797377856886
0.0
0.0016835022799199981
0.02693847019618237
-0.018519312401807028
-0.00841758297073773
0.008417582970737723
-0.04209686421369299
-0.05894814699895006
-0.005050521153865795
0.11805022341835991
-0.02020305089104427
-0.060633906259083166
-0.040412287809801654
-0.025254538403687923
-0.07243803843350803
-0.03704338932883192
-0.01851931240180703
0.020203050891044266
-0.008417582970737723
-0.020203050891044263
0.0016835022799199981
-0.021886832333364824
0.015151949958888989
-0.01683561328462507
-0.05894814699895006
-0.0454662892980316
0.06906471149860799
0.00505052115386579
0.02188683233336482
-0.055577001437672656
0.03535906007457749
-0.026938470196182358
-0.05389160793542306
0.0016835022799199953
0.05557700143767267
-0.10282924650479064
0.033674806027782944
-0.04041228780980166
0.0
-0.00336700813835697
-0.0016835022799199953
0.05220632915348872
-0.02525453840368792
0.08424973560473537
-0.05052116149445018
0.011784716361182423
0.045466289298031606
0.02357066031025265
0.00786375672191768
-0.02188683233336482
-0.020203050891044263
0.069064711498608
-0.018519312401807042
0.048836101362070734
-0.0791865738053497
-0.05220632915348872
-0.005050521153865787
0.008417582970737717
-0.011784716361182425
0.06569197319218968
-0.03199062360193688
-0.06231979464182033
-0.006734044905077765
-0.02020305089104428
0.06400581575107848
-0.04883610136207072
-0.030306509211290845
-0.11128297681493146
0.06400581575107847
0.048836101362070734
0.05557700143767267
0.07918657380534971
0.0387277973778569
0.042096864213693
0.028622459270819047
-0.01010113892974358
0.01683561328462507
0.0
-0.03872779737785689
-0.0016835022799199953
-0.02357066031025266
0.015151949958888992
-0.040412287809801654
0.011784716361182423
-0.02357066031025265
-0.025254538403687927
0.038727797377856886
0.0016835022799200027
-0.0673782705719399
-0.026938470196182368
0.003367008138356964
-0.01851931240180703
0.003367008138356971
0.011784716361182418
0.01010113892974358
0.0774991957348437
-0.01165891563602926
0.006734044905077771
0.02357066031025266
-0.04378153017947132
0.03704338932883193
0.015151949958888989
-0.015151949958888985
0.07918657380534971
0.025254538403687923
-0.01178471636118242
0.01758991978634444
-0.05220632915348872
0.02693847019618237
0.0033670081383569673
0.023570660310252654
0.0791865738053497
-0.008417582970737717
-0.008417582970737721
0.02525453840368792
0.030306509211290845
0.021886832333364813
-0.047151145161259234
0.03030650921129084
0.005050521153865793
0.069064711498608
-0.05557700143767267
-0.03199062360193688
-0.0016835022799199996
0.04883610136207074
0.005050521153865786
-0.07243803843350803
0.01178471636118242
-0.02525453840368793
0.030306509211290838
-0.030306509211290834
0.05389160793542306
0.0
0.008417582970737717
0.0016835022799199981
0.0
-0.0808741207257805
0.008417582970737721
-0.05557700143767267
0.003367008138356975
0.005050521153865791
-0.016835613284625073
0.025254538403687923
0.010101138929743582
-0.01851931240180703
-0.03704338932883194
-0.021886832333364817
-0.016835613284625076
0.0050505211538657896
0.031990623601936885
0.03535906007457749
0.05052116149445017
0.11805022341835991
-0.01683561328462507
0.0016835022799199977
0.026938470196182365
-0.01851931240180703
-0.0791865738053497
0.005050521153865789
-0.04546628929803159
-0.045466289298031586
-0.01515194995888898
0.02693847019618236
0.013468318844370306
0.006734044905077767
-0.015151949958888996
0.05726251325888088
-0.04883610136207075
0.06906471149860798
0.07581198289444702
-0.025254538403687923
-0.001683502279920002
-0.005050521153865793
0.05894814699895006
-0.06063390625908318
-0.015151949958888989
-0.005050521153865793
-0.03030650921129085
0.06906471149860799
-0.050521161494450184
0.011784716361182425
-0.02357066031025266
-0.03872779737785689
-0.0016835022799200042
0.07581198289444702
-0.015151949958888989
-0.013468318844370311
0.005050521153865788
-0.016835613284625076
0.11297442228310449
0.0016835022799199981
-0.006734044905077771
-0.031990623601936885
-0.048836101362070734
0.060633906259083166
-0.03535906007457749
0.003367008138356974
0.062319794641820324
0.04041228780980166
0.025254538403687923
0.02020305089104427
0.005050521153865789
0.0016835022799200035
0.028622459270819047
0.0
-0.07243803843350803
-0.005050521153865793
0.011784716361182425
-0.04546628929803159
0.05220632915348872
-0.0016835022799199953
-0.06231979464182031
-0.020203050891044266
0.015151949958888983
0.016835613284625076
-0.050521161494450184
0.0774991957348437
-0.018519312401807035
0.050521161494450184
0.006734044905077769
-0.03199062360193688
0.013468318844370308
-0.006734044905077769
0.05726251325888088
-0.03199062360193688
0.038727797377856886
-0.02188683233336482
-0.04883610136207073
-0.013468318844370306
0.02357066031025265
0.0016835022799200042
-0.028622459270819058
0.005050521153865786
0.02125066823776913
0.008417582970737717
-0.013468318844370315
0.013468318844370313
-0.010101138929743583
0.005050521153865791
-0.020203050891044273
-0.021886832333364817
-0.030306509211290845
-0.025254538403687927
0.05052116149445018
-0.03199062360193689
0.07243803843350802
-0.0859378108120655
-0.013468318844370313
0.011784716361182428
-0.006734044905077765
-0.015151949958888985
0.006734044905077767
-0.018519312401807025
0.011784716361182416
-0.04209686421369299
0.00841758297073772
-0.04209686421369299
-0.02862245927081904
0.06400581575107847
0.001683502279920002
-0.018519312401807025
-0.026938470196182365
-0.008417582970737728
-0.00673404490507777
0.02020305089104428
-0.06400581575107848
0.08593781081206547
-0.09269198141984959
0.0067340449050777625
-0.05052116149445018
0.0067340449050777695
-0.030306509211290845
-0.052206329153488724
0.06569197319218967
0.013468318844370308
-0.04546628929803159
0.04883610136207072
-0.04378153017947132
0.05894814699895007
-0.0016835022799199938
0.013468318844370308
0.013468318844370306
0.013468318844370308
-0.026938470196182368
0.015151949958888992
0.0033670081383569677
-0.028622459270819047
-0.025254538403687923
0.0016835022799199923
0.0134683188443703
0.016835613284625062
-0.023570660310252657
0.03704338932883193
0.025254538403687923
-0.021886832333364806
-0.013468318844370308
0.08424973560473539
0.07581198289444703
-0.008417582970737721
0.01683561328462507
-0.010101138929743573
0.04378153017947132
-0.04041228780980166
-0.05726251325888086
0.01515194995888898
0.01683561328462507
0.011784716361182425
-0.0016835022799199953
-0.038727797377856886
-0.04378153017947132
-0.015151949958888989
-0.07412493166610992
-0.006734044905077773
0.00505052115386579
0.060633906259083166
-0.023570660310252643
-0.033674806027782944
-0.003367008138356974
0.02357066031025266
0.030306509211290838
0.016835613284625066
0.003367008138356967
-0.04378153017947132
0.030306509211290838
0.013468318844370311
0.03535906007457749
0.08256184011775496
0.09775967437550512
-0.01683561328462507
-0.008417582970737728
-0.04883610136207073
0.016835613284625062
-0.021886832333364827
-0.04715114516125921
-0.011784716361182428
0.02020305089104427
-0.08424973560473535
0.020203050891044273
0.03199062360193688
-0.025254538403687913
-0.09438100967772016
0.015151949958888989
-0.03199062360193688
0.01851931240180704
-0.011784716361182425
0.038727797377856886
-0.030306509211290838
0.030306509211290845
0.02188683233336482
0.06906471149860799
-0.053891607935423046
-0.015151949958888992
-0.003367008138356976
-0.030306509211290838
-0.02525453840368793
0.04715114516125924
0.02020305089104427
-0.015151949958888992
0.005050521153865793
0.003367008138356971
-0.010101138929743583
0.0774991957348437
0.01851931240180703
0.13329166914213014
-0.06400581575107847
-0.006734044905077767
0.033674806027782944
-0.04209686421369301
0.03704338932883193
0.0016835022799199938
-0.10451953848635018
-0.048836101362070734
-0.048836101362070734
-0.031990623601936885
-0.048836101362070734
0.02188683233336481
-0.04209686421369302
-0.016835613284625076
0.016835613284625073
-0.005050521153865786
0.0
0.003367008138356964
-0.008417582970737717
0.043781530179471326
0.0016835022799199981
0.020203050891044266
0.048836101362070734
0.005050521153865787
0.011784716361182416
-0.03704338932883194
-0.008417582970737721
0.06569197319218967
-0.011784716361182423
0.04715114516125925
-0.02357066031025266
0.003367008138356969
-0.038727797377856886
-0.04041228780980167
-0.03704338932883194
0.025254538403687923
-0.005050521153865789
0.060633906259083166
-0.07243803843350803
0.010101138929743576
-0.08424973560473537
0.01851931240180703
-0.03199062360193688
0.016835613284625073
-0.02188683233336481
0.03199062360193688
-0.06569197319218967
-0.06569197319218967
-0.018519312401807025
0.008417582970737721
0.01683561328462507
-0.03872779737785689
-0.006734044905077767
-0.03199062360193688
0.005050521153865788
-0.0016835022799199968
0.025254538403687913
0.04041228780980166
0.020203050891044266
0.06400581575107848
-0.0016835022799200016
0.02357066031025266
-0.0454662892980316
0.01683561328462507
0.031990623601936885
-0.003367008138356965
0.03367480602778295
-0.008417582970737721
-0.020203050891044273
0.0016835022799199938
-0.003367008138356971
0.06569197319218967
-0.020203050891044277
0.008417582970737721
-0.015151949958888992
-0.033674806027782944
0.010101138929743576
0.023570660310252647
0.020203050891044266
0.016835613284625066
-0.025254538403687923
-0.04209686421369299
0.008417582970737717
0.052206329153488724
-0.03367480602778295
-0.0387277973778569
0.06400581575107847
-0.07412493166610994
-0.060633906259083166
-0.03535906007457749
-0.06569197319218967
-0.01515194995888898
0.0016835022799200072
-0.029828625842633887
-0.024367290587260986
0.033674806027782944
-0.0067340449050777695
-0.06569197319218967
-0.05220632915348872
0.02357066031025266
0.02020305089104427
0.03872779737785689
0.05220632915348872
-0.018519312401807042
-0.04883610136207075
-0.008417582970737733
0.048836101362070734
-0.05557700143767267
-0.0623197946418203
0.015151949958888989
-0.011784716361182425
-0.053891607935423046
-0.04883610136207072
0.020203050891044263
-0.008417582970737717
-0.01683561328462507
-0.045466289298031606
0.03535906007457749
0.02862245927081904
-0.038727797377856886
0.01851931240180703
0.016835613284625076
-0.069064711498608
0.005050521153865789
0.030306509211290845
-0.05726251325888086
-0.015151949958888985
0.020203050891044266
0.025254538403687923
0.02357066031025266
-0.038727797377856886
0.030306509211290827
-0.030306509211290845
-0.02357066031025265
0.0
-0.013468318844370306
-0.04883610136207074
0.0808741207257805
0.04209686421369299
-0.060633906259083166
-0.028622459270819047
-0.015151949958888985
-0.013468318844370306
0.025254538403687923
0.0
-0.10113917425784212
-0.05894814699895007
0.028622459270819058
0.04209686421369299
-0.07243803843350805
0.03704338932883193
0.033674806027782944
-0.04041228780980166
-0.011784716361182421
0.028622459270819047
0.011784716361182427
0.0
0.08593781081206547
0.0016835022799200042
-0.042096864213693005
0.021886832333364813
0.06569197319218965
0.06231979464182033
0.021886832333364813
-0.04715114516125921
0.06400581575107848
-0.018519312401807028
0.04041228780980167
-0.03704338932883192
0.05389160793542305
-0.028622459270819033
0.0673782705719399
-0.026938470196182365
0.0
0.030306509211290838
0.0454662892980316
-0.013468318844370303
-0.03199062360193688
-0.0033670081383569755
-0.030306509211290845
0.04209686421369299
0.008417582970737724
-0.0016835022799199981
-0.0016835022799199981
-0.04883610136207074
-0.06906471149860799
0.0067340449050777695
0.04041228780980167
-0.003367008138356974
-0.030306509211290845
0.010101138929743578
0.031990623601936885
-0.03704338932883193
0.0910031510386579
-0.016835613284625066
-0.005050521153865787
0.033674806027782944
-0.0791865738053497
0.003367008138356971
-0.011784716361182428
-0.021886832333364803
0.0016835022799200027
-0.008417582970737721
0.069064711498608
0.03704338932883191
0.03199062360193688
-0.031990623601936864
-0.04883610136207075
0.0673782705719399
0.07075129958200362
-0.02020305089104427
0.040412287809801675
-0.006734044905077769
0.00673404490507777
-0.020203050891044266
-0.03704338932883194
-0.04041228780980166
-0.05052116149445017
0.03535906007457749
0.0673782705719399
-0.03199062360193687
-0.031990623601936885
-0.010101138929743582
-0.05052116149445019
-0.05726251325888088
-0.015151949958888983
0.062319794641820324
-0.026938470196182358
0.09775967437550508
-0.05726251325888086
-0.005050521153865795
0.015151949958888992
0.0
-0.0016835022799199938
-0.02862245927081905
-0.03199062360193688
-0.01683561328462507
0.005050521153865789
-0.015151949958888989
-0.006734044905077767
-0.016835613284625062
-0.01346831884437031
-0.04378153017947132
-0.013468318844370313
-0.03704338932883193
-0.023570660310252657
-0.04041228780980167
-0.011784716361182418
0.023570660310252654
0.018519312401807035
0.02525453840368792
-0.0033670081383569686
0.011784716361182428
-0.050521161494450184
0.01683561328462507
-0.030306509211290838
0.030306509211290834
0.010101138929743578
0.04378153017947132
-0.07243803843350805
0.010101138929743575
-0.08256184011775498
-0.05052116149445017
0.010101138929743583
0.018519312401807035
-0.06569197319218967
-0.0016835022799199953
-0.04883610136207073
-0.005050521153865791
0.021886832333364817
0.0067340449050777625
-0.005050521153865786
-0.06569197319218967
0.028622459270819033
0.013468318844370306
0.042096864213693
-0.02862245927081904
0.028622459270819047
0.048836101362070734
-0.0033670081383569725
-0.03030650921129086
-0.028622459270819047
-0.001683502279919996
-0.028622459270819047
-0.018519312401807035
-0.006734044905077769
-0.045466289298031606
-0.021886832333364803
0.01851931240180702
0.03199062360193688
0.04378153017947132
-0.005050521153865793
-0.04883610136207074
-0.021886832333364803
0.03199062360193688
0.0067340449050777695
-0.026938470196182365
-0.02693847019618236
-0.0033670081383569694
0.02020305089104427
0.045466289298031606
-0.008417582970737717
0.06063390625908318
0.05894814699895005
-0.030306509211290834
0.0505211614944502
0.008417582970737724
0.033674806027782944
0.003367008138356965
0.010101138929743576
0.07243803843350805
0.0033670081383569694
0.05894814699895007
-0.010101138929743583
-0.011784716361182423
0.04546628929803159
-0.0808741207257805
0.04378153017947133
0.03704338932883194
-0.08931451489880077
0.04041228780980167
-0.015151949958888989
0.020203050891044263
0.015151949958888992
0.05052116149445018
0.055577001437672656
0.02862245927081904
-0.008417582970737721
0.08256184011775496
-0.0016835022799199953
-0.050521161494450184
0.008417582970737717
-0.035359060074577495
0.021886832333364813
-0.008417582970737717
0.010101138929743578
0.05557700143767267
-0.013468318844370303
-0.02188683233336481
-0.013468318844370306
0.05894814699895007
-0.03199062360193688
0.026938470196182365
-0.010101138929743578
0.02020305089104427
0.02020305089104427
0.013468318844370308
0.003367008138356971
0.021886832333364813
-0.0016835022799200012
0.005050521153865795
0.006734044905077769
-0.006734044905077763
-0.003367008138356965
0.09269198141984959
0.03704338932883193
-0.010101138929743578
0.01346831884437031
0.006734044905077765
0.010101138929743575
-0.04883610136207075
-0.025254538403687923
0.020203050891044266
0.035359060074577495
-0.003367008138356967
-0.02862245927081905
0.0387277973778569
-0.07581198289444703
-0.020203050891044273
0.020203050891044273
-0.020203050891044273
-0.04209686421369301
-0.03199062360193688
0.04883610136207074
-0.015151949958888985
0.05726251325888088
-0.030306509211290838
0.021886832333364824
0.05726251325888085
0.010101138929743578
-0.042096864213693
-0.011784716361182423
0.006734044905077772
-0.03872779737785689
-0.03535906007457749
0.03704338932883193
-0.020203050891044266
-0.07581198289444706
-0.0016835022799199923
-0.015151949958888985
-0.04041228780980167
0.0
-0.005050521153865787
0.05220632915348872
-0.0033670081383569725
0.02525453840368793
-0.0774991957348437
0.04378153017947131
0.04378153017947132
-0.005050521153865791
-0.016835613284625062
-0.015151949958888977
0.03199062360193688
-0.02020305089104427
0.028622459270819047
-0.02862245927081904
-0.031990623601936885
-0.047151145161259206
-0.005050521153865785
-0.005050521153865791
-0.01683561328462507
0.08424973560473537
-0.013468318844370306
-0.026938470196182365
0.006734044905077767
-0.008417582970737721
-0.052206329153488724
0.023570660310252657
-0.02693847019618236
-0.035359060074577495
0.005050521153865792
0.020203050891044273
-0.018519312401807025
0.09438100967772016
0.02188683233336482
-0.020203050891044263
-0.006734044905077767
-0.028622459270819047
0.05220632915348872
0.05726251325888088
0.057262513258880904
-0.01178471636118242
0.06569197319218967
-0.010101138929743587
0.02357066031025266
-0.005050521153865793
0.05726251325888088
-0.07581198289444703
-0.02020305089104427
-0.06231979464182031
0.03872779737785688
0.015151949958888985
0.0016835022799199964
-0.038727797377856886
-0.006734044905077773
0.003367008138356973
0.0033670081383569733
-0.010101138929743575
0.05894814699895007
0.04715114516125925
0.03535906007457749
0.006734044905077771
0.05389160793542306
-0.01683561328462507
0.023570660310252664
0.01851931240180703
-0.07075129958200364
-0.031990623601936864
-0.015151949958888989
0.05052116149445017
-0.005050521153865788
-0.04546628929803159
0.035359060074577495
-0.05557700143767267
0.008417582970737726
-0.026938470196182365
-0.0016835022799199986
-0.01683561328462507
-0.03535906007457749
0.026938470196182365
0.0
0.07243803843350805
-0.0033670081383569703
-0.028622459270819047
-0.01683561328462507
-0.02525453840368792
0.020203050891044266
0.013468318844370311
0.0910031510386579
0.06400581575107848
0.04041228780980166
0.05726251325888088
0.01851931240180703
0.005050521153865787
0.011784716361182421
-0.003367008138356969
-0.020203050891044266
-0.006734044905077769
-0.048836101362070734
-0.01683561328462507
-0.010101138929743578
-0.04378153017947132
0.02357066031025266
-0.048836101362070734
0.03535906007457749
0.05389160793542305
-0.010101138929743587
-0.045466289298031606
0.00841758297073773
0.04209686421369299
0.013468318844370315
0.02862245927081906
-0.01683561328462507
0.02020305089104427
-0.04546628929803159
-0.02693847019618236
-0.069064711498608
-0.028622459270819058
-0.018519312401807028
0.038727797377856886
-0.03704338932883195
-0.038727797377856886
0.020203050891044273
0.010101138929743573
-0.020203050891044266
0.06569197319218967
0.003367008138356974
-0.030306509211290845
-0.021886832333364824
-0.04041228780980166
0.025254538403687927
-0.031990623601936885
0.048836101362070734
-0.02357066031025266
-0.005050521153865789
-0.05389160793542305
0.01683561328462507
-0.030306509211290838
-0.05726251325888088
-0.06400581575107848
-0.02188683233336481
0.0
-0.033674806027782944
-0.03704338932883192
0.04715114516125924
-0.011784716361182421
-0.011784716361182425
0.006734044905077769
-0.02188683233336482
-0.10451953848635014
-0.006734044905077771
0.008417582970737717
0.038727797377856886
-0.025254538403687913
-0.02862245927081905
-0.04715114516125922
-0.07075129958200362
0.05726251325888088
-0.030306509211290838
0.028622459270819058
-0.011784716361182416
0.0016835022799199953
-0.010101138929743583
-0.028622459270819058
-0.023570660310252664
-0.05052116149445017
0.008417582970737721
0.05052116149445017
-0.015151949958888992
0.0016835022799199981
-0.001683502279919999
0.018519312401807028
-0.05726251325888088
0.03199062360193688
-0.045466289298031586
0.01346831884437031
-0.0791865738053497
0.008417582970737726
0.030306509211290845
0.015151949958888996
0.013468318844370313
0.031990623601936885
-0.028622459270819058
-0.04378153017947132
0.011784716361182414
0.02693847019618237
0.020203050891044273
-0.05894814699895007
-0.028622459270819047
-0.04041228780980167
0.0
-0.010101138929743583
-0.02357066031025265
-0.04378153017947131
0.010101138929743583
-0.001683502279919996
0.02525453840368793
0.035359060074577495
-0.030306509211290838
0.04715114516125924
0.020203050891044266
0.008417582970737721
-0.035359060074577495
0.00841758297073772
0.06737827057193989
0.033674806027782944
-0.033674806027782944
0.06906471149860798
0.005050521153865784
0.04883610136207072
-0.045466289298031606
-0.06400581575107848
0.021886832333364824
0.01851931240180703
0.011784716361182425
-0.05220632915348872
0.05389160793542305
0.011784716361182432
-0.06906471149860802
0.02693847019618236
0.016835613284625073
-0.016835613284625062
-0.05726251325888088
-0.05894814699895005
-0.07075129958200362
0.0
0.045466289298031606
0.0050505211538657896
0.001683502279919998
-0.03704338932883194
0.028622459270819047
-0.01683561328462507
-0.05052116149445018
0.06400581575107848
0.02188683233336482
-0.01851931240180703
-0.010101138929743575
0.04041228780980166
-0.013468318844370308
0.02188683233336482
-0.09607023944973185
0.04041228780980166
-0.010101138929743585
-0.05389160793542305
0.011784716361182428
0.00841758297073772
-0.045466289298031606
-0.025254538403687923
0.028622459270819058
0.069064711498608
0.05894814699895005
0.013468318844370306
0.0016835022799200042
0.02693847019618237
-0.0910031510386579
0.003367008138356968
0.04715114516125924
-0.015151949958888985
-0.04041228780980167
0.030306509211290834
0.040412287809801654
-0.04378153017947132
0.021886832333364806
-0.0033670081383569694
0.01851931240180704
-0.03199062360193688
-0.04715114516125923
-0.07918657380534969
0.09269198141984959
-0.025254538403687923
0.04715114516125924
-0.02525453840368793
-0.03704338932883193
0.057262513258880904
0.0
-0.0673782705719399
0.003367008138356971
0.045466289298031606
-0.03704338932883194
0.020203050891044266
0.01851931240180704
-0.045466289298031606
0.02188683233336482
0.008417582970737717
0.013468318844370306
0.018519312401807035
0.0033670081383569725
0.04715114516125922
0.026938470196182365
-0.028622459270819047
0.023570660310252664
0.058948146998950054
