-1.6173008621728375
-2.0189769891627596
-3.466282557002634
-3.8631537945574634
-2.199730075660662
-0.8249549591491983
-4.561133272675466
-2.345624104843909
-3.863153794557463
-1.599513158117569
-3.746203461936688
-1.278885297818737
-0.7911608374120346
-1.3101860672713908
-1.8901654733669526
-4.145823423193516
-1.1572946438002927
-1.1062198494014728
-6.603799722734527
-1.8684168606210672
-3.1183683377514435
-2.3211917272131486
-2.421687775950275
-3.898173479111524
-2.776910527271937
-2.7853698004386467
-1.830139411016003
-2.655797737180896
-3.217952416528134
-3.0866170419343013
-1.7970102823047884
-4.435629218868147
-2.068172523585287
-2.7271983654049805
-1.7929261330987296
-1.817619782314216
-2.8110568859997356
-0.614663618722431
-2.4413896508273742
-1.8470165164747792
-2.580549353383668
-1.55431888875919
-1.6908727721875172
-0.751775458836484
-2.4885011466861653
-5.945533960583278
-2.2504463269583295
-1.5680669074521763
-1.3044448777004023
-2.4885011466861653
-1.56461698692986
-4.695974309513852
-5.1350391868982275
-1.6795793222291588
-0.9529275259618094
-1.7175970450296347
-1.5749928683520105
-2.6480860164582634
-1.5407068793113985
-2.1887157671824755
-2.9565150896728243
-1.101202989582571
-2.3831218474082285
-1.293029886332566
-4.41155192362789
-3.3746653366252692
-2.7921939612295397
-2.5805493533836685
-2.751834093518153
-2.966117451082491
-1.6316999853800844
-3.015113445777636
-2.7353621895425917
-3.989128082318599
-3.1183683377514435
-1.6499158227686115
-0.9782848520641083
-3.652320283704271
-1.624481399108866
-1.6137247265160641
-1.4332314425378774
-1.1521107964697288
-2.4613811524789417
-3.1508220472895587
-0.9644068036349518
-1.0253921105975368
-1.8989650554029582
-3.6675877866943183
-1.698454477052946
-4.48478268451227
-0.4997560380435393
-1.0446178912068373
-2.8284451614398654
-2.4216877759502746
-1.0714309358275327
-3.3746653366252684
-3.3246854204419014
-0.9946214312945791
-3.374665336625268
-3.6371986695961067
-0.9920090872233963
-0.9993184222478667
-1.4052969915811746
-1.1112527502944487
-2.2562016588756477
-4.7818790414103285
-3.7301677010704735
-6.469389770624124
-7.414093228352664
-6.051934131808716
-1.5039513237851077
-1.5172042926449705
-4.613883196650687
-1.8011069084184472
-2.4347905717340703
-2.1508642596976846
-2.3151521697161432
-5.945533960583278
-1.9855891071830811
-2.210835711015351
-1.0040286822126756
-0.9010809132024399
-3.015113445777636
-1.0912168331374794
-1.4908237130646018
-0.9621047717246672
-0.6359630007488932
-5.100132858949832
-2.073193365281877
-2.10372172346901
-5.894194013465399
-3.184006684119337
-2.3580081429035893
-3.5926849910260623
-1.0301773993630103
-1.188771525907329
-4.752801591758739
-1.8134724466239314
-2.129706381388571
-1.6353236843037855
-2.4885011466861653
-0.9782848520641082
-2.0189769891627596
-1.8470165164747803
-2.0985849253781437
-1.698454477052946
-1.2128146291077881
-3.970532830659066
-2.2971942592035313
-1.0962020304543383
-1.371885752396827
-2.1887157671824755
-2.22766865139373
-1.2427328863186846
-2.946976490233898
-3.1618009241728506
-1.717597045029635
-4.535322268554148
-1.8901654733669524
-3.5636953112056915
-3.0971244567831233
-5.281158554721624
-7.511133289169569
-5.1350391868982275
-5.480077554195743
-11.694952429392822
-1.9855891071830811
-1.5006577735866942
-2.937500886485025
-2.4681107468333887
-3.1183683377514444
-2.454684641453847
-3.3620149804993775
-6.281139176901425
-3.81199455941485
-5.7470489321539135
-1.9997959495990205
-4.934404998708776
-1.0788218996914882
-1.91674015738371
-1.7929261330987296
-4.752801591758738
-2.303153663768874
-4.841422319808524
-1.4745864549290466
-4.7818790414103285
-2.8024424036714466
-2.5878922919383216
-1.56461698692986
-4.561133272675465
-1.702261340800291
-1.1392268596894293
-1.5373247800774552
-2.937500886485025
-3.5781230423628076
-2.8549349847408934
-1.635323684303785
-3.6523202837042708
-2.4546846414538472
-2.4087102134516134
-1.042202238926459
-2.5372964681267836
-5.281158554721624
-1.2155099057330556
-1.6316999853800846
-1.620886401717507
-2.587892291938322
-5.10013285894983
-4.411551923627891
-2.695012031758883
-1.817619782314216
-2.8460498941515415
-4.1664715451299505
-4.75280159175874
-5.844029573924113
-5.3981713633547095
-4.3643578047198455
-1.9212211693408807
-1.698454477052946
-2.2912611206638593
-3.1618009241728506
-1.5784690060526456
-1.3480684367082285
-0.9782848520641083
-7.142749325331828
-2.966117451082492
-2.4022676895708406
-0.8988610096184989
-1.402226946398892
-1.9997959495990205
-3.9159677927278405
-2.7769105272719385
-2.679193345766832
-1.748801909687557
-2.6327901321672953
-4.229953089709387
-2.3174851953886773
-4.7818790414103285
-4.026953251472303
-2.233326921144366
-2.5302183140948786
-3.5781230423628085
-3.26445281342694
-1.1598931323772617
-4.613883196650687
-2.7353621895425917
-5.609339674274277
-3.3246854204419014
-1.4114571105851619
-0.9166984970282116
-3.0351865241649603
-4.085342356883815
-3.8119945594148503
-2.8819288502827902
-4.7818790414103285
-2.687080216783034
-3.2763075996253144
-1.267666914072591
-1.3569536419067132
-1.3809204416652694
-0.874621785156309
-1.4363696929192162
-4.999004188714387
-3.6371986695961054
-1.3991635323754297
-1.461731325135804
-1.7253307679038181
-1.1264491262835734
-3.252691193458117
-2.5022659499735975
-2.918735665058849
-1.9762012837034841
-16.155612098629042
-3.778763488595078
-4.085342356883815
-4.026953251472301
-1.9903079219132047
-7.058279182584454
-3.6985705379580915
-4.229953089709388
-4.1664715451299505
-1.4908237130646014
-3.845921391267697
-2.345624104843908
-3.3620149804993775
-1.1598931323772617
-3.683003683005525
-1.3510240710660046
-2.129706381388571
-3.055541185776137
-3.549399621856781
-1.3809204416652694
-2.1037217234690107
-2.900213547805225
-4.811415078247305
-12.466208454865196
-1.29019002099093
-0.8399308522442774
-1.635323684303785
-4.187372213491174
-1.4585359218365448
-4.587317109255645
-1.0665225155122007
-1.3539857960810688
-4.509875001408053
-3.4528542057354494
-2.205271385679885
-1.6609637327504732
-3.2294422611803295
-1.3991635323754295
-4.3643578047198455
-1.5105619698471866
-2.6252051021607214
-2.033546041537156
-3.8459213912676975
-2.3894737772448202
-2.023815674809523
-2.172362382600539
-3.4263446117362437
-4.96643348509743
-2.038437980466421
-2.7938802353635466
-2.2390091585726375
-4.934404998708776
-2.5092006918270116
-1.1994101442681906
-1.8470165164747803
-2.4613811524789417
-2.4765875991719075
-3.312444393874928
-0.7661952813680889
-4.695974309513852
-2.2562016588756477
-2.0681725235852872
-0.9122222395433284
-1.5039513237851077
-2.5878922919383216
-2.7190819394432735
-3.5926849910260623
-3.2410214355804863
-0.605045217233684
-0.7558848723836904
-2.166955368900047
-6.815143591921892
-2.671350949367452
-1.8259531810721588
-1.1755772242640636
-4.561133272675466
-2.0532223943045125
-1.8134724466239314
-1.6535884769844826
-1.6683793098208708
-2.6101587464293785
-3.172862097507294
-3.5636953112056915
-1.0518864936788752
-4.902903378454602
-2.250446326958328
-1.6535884769844826
-3.2179524165281332
-3.0351865241649603
-4.4833342905003235
-4.295859870610536
-2.516170772571462
-4.026953251472303
-4.318395962544471
-1.362907817586218
-1.3304608700983176
-2.2619817604589616
-0.7786385501503498
-3.7142909796736583
-2.3958556349668663
-2.632790132167295
-1.6683793098208712
-1.8598155727422185
-1.8093379100338902
-1.8598155727422185
-1.0912168331374792
-2.995314969198713
-2.6791933457668318
-2.7110124060152714
-2.7435739251887488
-1.461731325135804
-0.9575099982900426
-1.307312642077316
-2.421687775950275
-1.6908727721875176
-1.3363062095621219
-2.0832920882219126
-1.4875610854141499
-2.544411347718644
-3.493495463434976
-1.2732654158804082
-1.4843060860085513
-1.458535921836545
-3.3874218611905493
-2.0335460415371553
-4.640841290999838
-2.702989267021149
-1.207438521604278
-3.5072837782305974
-1.7970102823047889
-1.245482712409131
-2.093467818659297
-5.319417390372533
-1.7060789643481156
-1.8052160909312798
-1.1808412288821006
-8.885009323695845
-2.9757843539094755
-2.6635525650943954
-1.3333805829463796
-2.3767995798044264
-4.251644668698474
-1.5577430251610218
-5.998097161945594
-2.811056885999736
-1.7646799079740796
-2.9855165910594943
-3.9159677927278405
-3.9339566000405477
-1.3869755210512333
-3.374665336625268
-3.1399243709421443
-1.098700531147071
-1.9530168657881144
-3.493495463434976
-2.587892291938322
-5.700149424146085
-1.8814234938694094
-3.025115229181235
-3.4002861536749176
-10.761435265072512
-3.5926849910260623
-3.730167701070474
-2.544411347718644
-2.6252051021607223
-1.417644162002539
-4.251644668698475
-1.2290594131195147
-2.297194259203531
-2.172362382600539
-1.0640739230413518
-2.819724272182602
-0.9437990758871259
-4.208530861887629
-1.5474960696817506
-1.9438547858755881
-6.051934131808716
-2.828445161439866
-1.56461698692986
-1.2372484361160205
-1.4713615675894496
-3.4934954634349764
-2.0985849253781437
-1.7726898064234395
-2.1508642596976846
-2.2971942592035313
-2.345624104843909
-4.145823423193516
-4.8114150782473075
-3.1728620975072936
-4.27361154984283
-3.5926849910260623
-1.6721023674386484
-2.544411347718644
-5.281158554721622
-2.655797737180896
-0.8463859525316274
-1.2537628805726648
-1.9762012837034841
-2.8110568859997356
-2.625205102160722
-3.206550672157663
-1.4649340415294287
-1.0230046877495138
-10.247406783884037
-2.1192517713040706
-4.6959743095138515
-0.6185218884907484
-0.8185729324082258
-1.9033866902145908
-1.2704635051185267
-1.7253307679038181
-3.055541185776136
-2.0631705070745676
-4.695974309513854
-1.9033866902145908
-1.80521609093128
-3.5926849910260623
-2.2220341545022135
-4.41155192362789
-6.3422154396129145
-1.4553477934696863
-1.4875610854141499
-1.3130651806828213
-1.4395149583973001
-6.107098361963549
-1.054316628320496
-2.5372964681267836
-0.9598058409289398
-2.199730075660662
-1.5924624246115338
-1.6030522095229278
-5.998097161945595
-2.495366211837697
-2.6635525650943954
-3.6675877866943183
-2.1088783626672516
-1.5072527084892848
-2.2333269211443665
-1.5715255184334824
-2.3518019327290234
-0.9483572523122634
-3.970532830659066
-1.1495253985372447
-5.700149424146085
-4.318395962544471
-1.7253307679038175
-3.7952936281401692
-1.8011069084184466
-3.7301677010704735
-1.2263396863418738
-2.058187176566191
-2.8549349847408934
-2.1192517713040697
-2.408710213451614
-3.4002861536749176
-2.678272406562312
-3.8631537945574643
-1.4940940096242004
-5.794995470755316
-1.1677150951543922
-1.09370747019129
-1.3779025199174582
-2.8024424036714466
-1.1572946438002927
-2.0093519783440335
-4.341226359238745
-3.184006684119337
-1.0470371407444556
-3.5352338478896277
-3.3620149804993775
-0.9644068036349518
-3.3874218611905493
-2.156206476883138
-2.7271983654049805
-4.934404998708774
-2.188715767182476
-6.051934131808716
-1.4681441094472514
-1.3961067160026674
-1.9530168657881148
-1.93929723845185
-1.1112527502944487
-1.0325752951166318
-1.304444877700402
-1.7137467508007012
-2.846049894151542
-5.8440295739241135
-0.9621047717246672
-3.312444393874928
-2.8549349847408942
-3.4798290231998332
-0.7050989049525433
-6.221638858570225
-1.5440972939559128
-1.6462530736234793
-1.6683793098208706
-2.0238156748095224
-1.9392972384518503
-1.7847949508909982
-3.426344611736242
-3.4395421505490518
-2.3211917272131486
-1.702261340800291
-3.3494692265161774
-1.9438547858755881
-2.760143223702884
-1.4713615675894498
-3.5493996218567823
-4.695974309513853
-2.199730075660662
-5.747048932153914
-1.5440972939559128
-3.4395421505490518
-2.5444113477186434
-1.5509032524987612
-10.247406783884037
-3.9521436590512966
-2.103721723469011
-1.134103154173102
-2.6635525650943954
-2.8549349847408934
-1.6535884769844829
-1.2236248949676916
-2.222034154502214
-8.88500932369584
-4.999004188714387
-0.861535878695519
-3.172862097507294
-3.3370265406798576
-1.687097803990034
-0.6653290734335713
-1.5784690060526458
-9.59430215142626
-1.2845267639819955
-3.4528542057354494
-4.966433485097432
-6.535647091715862
-4.724170581337885
-2.205271385679886
-4.871913876850919
-3.6222204989622764
-1.9762012837034852
-0.7995538927913912
-1.6870978039900342
-5.398171363354711
-1.4489932102099963
-2.6635525650943954
-2.0045654029831854
-5.35841343348196
-2.6950120317588833
-2.587892291938322
-1.2209150161765758
-2.303153663768874
-2.8638760730868813
-2.8372201625705764
-1.2845267639819955
-1.0987005311470712
-1.628085908727497
-2.6950120317588833
-2.3272584630500703
-2.3705067120710344
-5.438717035384046
-4.0461916718768105
-6.897345273673731
-1.4875610854141499
-2.625205102160722
-1.3539857960810688
-0.8334979885759001
-2.3580081429035893
-1.2817033200181496
-6.342215439612915
-5.3981713633547095
-1.9576216163747582
-3.5926849910260628
-2.966117451082491
-2.2912611206638593
-3.0658263606013616
-1.1598931323772617
-1.4083737016560922
-4.10526387572854
-5.3981713633547095
-5.565358275705122
-1.3275470421929392
-1.7331091197043602
-1.9668790919907966
-7.320479726769304
-3.6985705379580898
-1.8598155727422185
-2.1140549942991904
-5.1705747461549105
-1.276072671636085
-1.8857873314202296
-2.5659799502775065
-1.0373816645277938
-4.7528015917587405
-2.4885011466861653
-2.719081939443274
-1.4649340415294285
-4.484782684512269
-1.4052969915811746
-3.466282557002635
-0.8637103660835675
-1.8598155727422185
-1.5373247800774554
-4.811415078247307
-3.3620149804993775
-4.04619167187681
-1.3130651806828215
-3.025115229181235
-2.6176614462365944
-1.6208864017175075
-4.724170581337884
-2.8110568859997356
-1.8470165164747798
-3.2179524165281332
-1.42074787357077
-2.587892291938322
-4.781879041410328
-1.4332314425378774
-4.668201501987451
-4.587317109255644
-6.469389770624122
-1.141795074888818
-1.9855891071830805
-0.9369842739743567
-2.544411347718644
-1.086247260234931
-4.561133272675466
-6.163646551490323
-5.747048932153914
-9.401897639008979
-1.2509976855287699
-1.3779025199174582
-4.752801591758739
-5.065836865293931
-1.5339509509191602
-2.8284451614398654
-2.776910527271937
-1.1891160392264024
-1.2236248949676916
-1.0788218996914882
-2.0985849253781437
-1.3188405826245582
-4.273611549842829
-4.640841290999839
-1.1755772242640639
-2.891041869535033
-3.172862097507294
-3.4662825570026334
-2.8284451614398654
-2.370506712071035
-2.250446326958328
-3.898173479111524
-3.6073833836460882
-2.671350949367452
-1.4238584221571722
-3.91596779272784
-28.089166314123727
-0.9055290474829251
-2.6791933457668318
-2.900213547805225
-3.0051803090633062
-1.7726898064234398
-1.5889506398724536
-4.341226359238745
-1.9033866902145908
-2.9565150896728243
-1.126449126283573
-1.7137467508007007
-3.9339566000405477
-2.4151834824581444
-1.3688868432879338
-2.6252051021607223
-3.6222204989622764
-2.937500886485025
-9.220167799605035
-2.370506712071035
-0.9946214312945791
-2.172362382600539
-9.798479682156438
-1.188771525907329
-2.0482760239428557
-19.82429145380914
-1.3246390705886384
-1.9392972384518503
-0.8944294724681608
-2.279472758766334
-1.5854478420348888
-0.8724342680613849
-1.8598155727422185
-2.1192517713040697
-4.695974309513855
-4.145823423193517
-3.252691193458117
-1.7567174710152162
-1.4426672753260519
-2.4282233768566948
-5.7470489321539135
-1.6609637327504734
-4.125422573582661
-3.0051803090633067
-2.5805493533836685
-2.573245367535479
-3.8631537945574643
-3.845921391267696
-1.5272279231496595
-4.509875001408052
-1.5959832469856785
-1.7448615270136372
-3.015113445777636
-3.466282557002635
-1.8052160909312802
-1.310186067271391
-2.8024424036714466
-1.9668790919907968
-2.719081939443274
-3.288256882376999
-6.281139176901424
-4.587317109255645
-0.9347186136823167
-2.2971942592035313
-2.043347930524913
-2.8284451614398654
-6.1636465514903245
-3.746203461936688
-2.2971942592035317
-4.341226359238745
-1.2128146291077881
-1.1677150951543924
-3.184006684119337
-2.751834093518153
-1.461731325135804
-2.846049894151542
-4.341226359238745
-4.208530861887629
-1.8134724466239314
-3.8288694106557637
-1.3839447646448833
-1.2987262226532668
-3.69857053795809
-5.480077554195741
-2.946976490233898
-3.7142909796736587
-3.989128082318598
-5.03213309644866
-4.20853086188763
-1.3044448777004023
-1.6066004531144706
-3.1077078891869796
-3.6073833836460882
-2.985516591059495
-3.2882568823769986
-3.056405477067343
-1.631699985380084
-3.970532830659066
-1.304444877700402
-1.620886401717507
-3.762401091085363
-1.537324780077455
-1.8814234938694092
-4.509875001408053
-1.9576216163747582
-1.1994101442681913
-3.4528542057354494
-1.0665225155122005
-1.8052160909312795
-2.1887157671824755
-1.2074385216042782
-1.390012743293339
-4.3643578047198455
-2.244715560734823
-4.12542257358266
-2.8549349847408942
-1.7807477623307908
-4.1664715451299505
-3.1508220472895587
-1.6646664515230158
-2.2619817604589616
-2.5231765318981427
-0.7724071589366935
-1.4649340415294287
-4.065653186671355
-1.620886401717507
-4.999004188714385
-2.6327901321672953
-1.0230046877495138
-1.6030522095229276
-1.5440972939559128
-1.234513764845295
-2.702989267021149
-1.497372016048429
-1.8011069084184474
-3.6985705379580915
-5.794995470755316
-1.7686788875040313
-1.9484279588126607
-1.9997959495990203
-1.2732654158804082
-1.4363696929192162
-3.549399621856781
-1.8555355939648295
-1.4395149583973006
-1.3539857960810688
-4.640841290999838
-2.1140549942991904
-3.730167701070474
-1.907823018888637
-3.970532830659067
-1.4332314425378774
-1.5072527084892848
-1.2817033200181494
-5.522281352433179
-1.2074385216042782
-2.2912611206638593
-3.8805700005813266
-3.8631537945574643
-4.12542257358266
-1.3246390705886382
-1.2155099057330554
-2.8110568859997356
-2.53021831409488
-4.3183959625444714
-1.5105619698471868
-2.108878362667252
-2.40226768957084
-1.3333805829463796
-2.6327901321672953
-1.8814234938694094
-3.43954215054905
-4.695974309513852
-0.786977841977603
-1.8555355939648295
-3.2763075996253135
-1.9392972384518503
-1.0665225155122005
-2.9094445781178226
-2.595274572704722
-4.27361154984283
-1.0182402110977997
-7.71638315516691
-0.6910963848827235
-2.1192517713040706
-2.0782331727949837
-2.837220162570576
-1.5715255184334822
-3.1952358222639337
-3.535233847889628
-5.480077554195741
-4.208530861887629
-1.1547005383792515
-3.6675877866943183
-1.307312642077316
-3.076184664143569
-4.187372213491173
-2.5022659499735975
-2.9757843539094755
-3.7142909796736583
-1.620886401717507
-2.580549353383668
-2.4885011466861644
-1.3510240710660042
-2.7435739251887483
-1.3961067160026674
-10.247406783884037
-2.5805493533836685
-3.252691193458117
-2.5805493533836685
-4.046191671876811
-1.4052969915811748
-3.578123042362809
-2.8443187853750502
-1.6426001720921048
-2.7110124060152714
-1.6758356846532922
-2.655797737180897
-2.5659799502775065
-2.0189769891627596
-1.2020815280171309
-5.894194013465397
-2.735362189542592
-0.8420800681130775
-3.2882568823769986
-2.454684641453847
-1.6609637327504732
-3.4395421505490518
-0.9437990758871262
-2.53021831409488
-2.8728738083420198
-2.900213547805225
-3.1399243709421434
-2.3894737772448202
-3.6830036830055226
-2.177791337125263
-1.8343387738295318
-3.549399621856781
-6.74617321698033
-1.9438547858755881
-4.587317109255645
-1.8598155727422185
-2.058187176566191
-7.41409322835266
-3.0453282110165825
-4.435629218868147
-0.8988610096184988
-2.239009158572637
-2.4546846414538463
-1.2845267639819955
-1.8301394110160034
-3.6371986695961067
-0.7890682196598877
-3.03518652416496
-3.3370265406798576
-1.0665225155122005
-1.1495253985372447
-12.466208454865194
-3.184006684119337
-1.3159500098847168
-1.3991635323754301
-4.668201501987452
-9.798479682156438
-6.163646551490322
-6.107098361963549
-0.9993184222478667
-2.5952745727047226
-3.015113445777636
-2.370506712071035
-1.642600172092105
-1.477818810714446
-3.652320283704271
-2.1508642596976846
-2.6791933457668318
-1.953016865788115
-1.4363696929192162
-2.428223376856696
-1.3779025199174584
-3.683003683005526
-1.301582746911937
-1.8259531810721588
-1.4553477934696866
-6.820602506868511
-2.333352612220337
-4.341226359238745
-1.5474960696817504
-0.9644068036349516
-2.0832920882219126
-2.4151834824581444
-2.7435739251887488
-1.188771525907329
-10.761435265072514
-8.179050705771498
-2.0384379804664206
-1.5924624246115335
-4.435629218868147
-1.4426672753260519
-3.549399621856781
-4.1664715451299505
-1.5006577735866946
-1.9576216163747582
-5.03213309644866
-2.595274572704722
-4.460036826534189
-2.5878922919383216
-3.714290979673658
-1.6833333414231706
-2.648086016458264
-4.3643578047198455
-4.295859870610536
-3.714290979673658
-2.7601432237028845
-3.3620149804993775
-1.4052969915811746
-2.6252051021607214
-1.4649340415294287
-5.522281352433183
-2.909444578117822
-10.390209992196636
-5.438717035384046
-3.714290979673658
-2.351801932729024
-3.172862097507294
-2.9187356650588483
-5.03213309644866
-1.7807477623307912
-2.3580081429035893
-2.671350949367452
-1.086247260234931
-3.3003020188729413
-1.5373247800774557
-1.760692793658823
-2.8372201625705764
-1.1239061173264662
-4.295859870610537
-0.8463859525316273
-2.891041869535031
-4.999004188714385
-2.537296468126783
-7.320479726769304
-4.966433485097432
-5.35841343348196
-3.466282557002634
-2.370506712071035
-3.0658263606013607
-2.3642429850834916
-1.9302285912054573
-3.549399621856781
-1.464934041529429
-0.8228252289338818
-3.6675877866943183
-1.037381664527794
-1.6462530736234793
-2.256201658875648
-6.342215439612913
-0.8249549591491981
-5.8440295739241135
-2.0045654029831854
-4.999004188714387
-1.985589107183081
-1.2290594131195147
-6.673941573815017
-4.435629218868147
-1.315950009884717
-2.7853698004386467
-1.5611757087513605
-1.3246390705886386
-2.2853540267759382
-1.5543188887591903
-2.702989267021149
-2.3091395583744165
-3.5211959107206043
-1.3930564639961938
-2.719081939443274
-6.281139176901422
-1.3159500098847168
-2.285354026775938
-1.0567504227101439
-2.3430737818992213
-2.3211917272131486
-2.4885011466861644
-2.0335460415371553
-3.1952358222639337
-1.8901654733669535
-2.376799579804426
-6.051934131808717
-4.105263875728539
-1.3275470421929387
-2.2164232378563122
-2.32725846305007
-2.1455433055458717
-3.970532830659067
-1.3539857960810688
-2.625205102160721
-2.2220341545022135
-2.1615701237814555
-1.101202989582571
-2.376799579804426
-2.727198365404981
-4.229953089709387
-0.950640870665754
-2.370506712071035
-1.5959832469856783
-3.762401091085363
-4.435629218868147
-8.056094907671355
-4.841422319808525
-1.9950434961785897
-1.3421753203229518
-3.8288694106557646
-2.956515089672824
-1.9576216163747582
-2.9855165910594943
-2.846049894151542
-2.7685018530714847
-2.32725846305007
-2.6327901321672953
-3.6222204989622764
-4.187372213491174
-1.6870978039900342
-1.5924624246115335
-1.8134724466239314
-2.1508642596976846
-1.0837682904024457
-3.9159677927278405
-5.8440295739241135
-2.237905156610036
-1.8945580157248825
-1.3961067160026674
-2.5092006918270116
-1.9576216163747582
-2.38947377724482
-3.2644528134269395
-1.568066907452176
-1.0301773993630103
-6.535647091715861
-4.024145234177432
-0.6515775192005121
-1.985589107183081
-1.2760726716360848
-1.8470165164747803
-2.4546846414538477
-13.408010003367343
-5.480077554195741
-4.41155192362789
-2.727198365404981
-1.1264491262835732
-1.1782069543877285
-0.8507018419016544
-2.303153663768874
-2.124468848256382
-2.985516591059495
-1.6462530736234793
-6.603799722734529
-1.9997959495990205
-1.7686788875040311
-0.950640870665754
-3.413259847652858
-2.7435739251887488
-2.580549353383668
-2.009351978344034
-3.970532830659065
-1.307312642077316
-2.033546041537156
-2.985516591059495
-1.4553477934696863
-4.41155192362789
-2.6557977371808965
-3.312444393874927
-2.4885011466861644
-2.819724272182602
-7.825090091632654
-1.9715320415240327
-1.14694432515642
-8.582446091093571
-2.0238156748095224
-8.441780136744448
-3.5072837782305992
-3.252691193458117
-1.3044448777004019
-2.199730075660662
-3.8459213912676975
-3.3003020188729417
-1.6535884769844826
-3.03518652416496
-5.609339674274278
-3.4662825570026343
-3.9339566000405477
-1.8727383522986356
-2.5372964681267836
-1.7253307679038181
-4.752801591758739
-4.318395962544471
-2.5231765318981423
-0.9946214312945791
-5.700149424146082
-2.0238156748095224
-1.4207478735707704
-1.606600453114471
-5.358413433481961
-1.4745864549290462
-4.587317109255645
-4.007933491859189
-1.0397901684811444
-3.1291068196243432
-1.9903079219132047
-2.687080216783035
-2.544411347718644
-2.8284451614398654
-2.5092006918270116
-3.535233847889628
-2.891041869535032
-1.5339509509191604
-2.210835711015351
-2.5372964681267836
-3.439542150549051
-3.989128082318599
-2.014155798914382
-15.31679557031066
-1.7137467508007012
-0.8270870903700541
-1.1163018341712583
-3.9159677927278405
-4.341226359238745
-1.5854478420348885
-1.7646799079740796
-1.4269758428926673
-1.5784690060526456
-9.048152734107239
-3.139924370942142
-2.8024424036714466
-8.582446091093571
-1.4875610854141494
-1.390012743293339
-1.620886401717507
-3.0051803090633062
-4.724170581337884
-1.620886401717507
-1.6646664515230154
-1.4426672753260512
-3.714290979673658
-1.162496023865333
-1.6908727721875172
-1.3688868432879338
-1.7370152022137406
-0.9099883613178744
-1.1651033381312934
-2.1887157671824746
-2.5092006918270116
-2.88192885028279
-4.613883196650687
-2.8549349847408934
-2.5805493533836685
-1.194081494619677
-0.7995538927913909
-2.3211917272131486
-1.8134724466239314
-3.0971244567831233
-1.9347552090512046
-1.188771525907329
-1.7370152022137413
-3.1952358222639337
-1.445826680310684
-6.248378731195459
-2.819724272182602
-5.6542585021282665
-1.9122741410805533
-4.484782684512269
-1.9257172794558899
-1.113775260430274
-5.945533960583278
-2.078233172794984
-1.1914241857993486
-1.523878635518918
-2.233326921144366
-1.3930564639961938
-1.315950009884717
-2.9469764902338977
-4.695974309513855
-1.8343387738295316
-3.0761846641435695
-2.9094445781178226
-0.7807200583588265
-1.091216833137479
-2.1140549942991904
-5.1705747461549105
-4.999004188714385
-1.8598155727422192
-3.045328211016584
-1.2987262226532668
-1.8301394110160036
-1.6721023674386488
-1.8857873314202296
-3.7301677010704735
-6.342215439612914
-2.421687775950275
-1.9212211693408803
-1.7726898064234398
-2.6252051021607214
-4.229953089709387
-4.934404998708776
-17.146526714713342
-2.9565150896728256
-2.7601432237028845
-6.3422154396129145
-11.048108103813936
-2.6176614462365952
-1.881423493869409
-3.413259847652858
-1.1315476261763469
-4.902903378454602
-2.6327901321672953
-2.8819288502827893
-2.053222394304513
-2.0335460415371553
-1.3451188630490958
-1.943854785875588
-1.8989650554029593
-3.7952936281401692
-1.4778188107144459
-5.609339674274276
-2.428223376856695
-1.7567174710152162
-0.8790047448260511
-1.599513158117569
-5.319417390372533
-1.6137247265160644
-1.606600453114471
-2.6950120317588833
-3.129106819624342
-3.1183683377514435
-1.5006577735866946
-7.5111332891695675
-0.874621785156309
-0.9690202229430368
-2.0832920882219126
-2.267786838055363
-2.4885011466861653
-3.4528542057354494
-2.580549353383668
-1.059187892673908
-1.2509976855287699
-3.6675877866943187
-6.673941573815017
-3.3620149804993775
-2.0093519783440343
-1.4426672753260519
-1.0373816645277938
-2.172362382600539
-4.902903378454601
-4.411551923627891
-1.872738352298636
-1.8770738655821655
-1.1940814946196767
-2.2971942592035313
-4.934404998708776
-3.0051803090633067
-2.183242406624213
-2.595274572704722
-11.694952429392822
-2.8024424036714466
-1.5784690060526456
-2.2447155607348224
-0.8313585951903171
-2.7601432237028845
-1.56461698692986
-1.2074385216042782
-5.032133096448659
-2.3333526122203367
-2.819724272182602
-1.8684168606210674
-1.342175320322952
-3.8631537945574643
-7.71638315516691
-1.628085908727497
-1.128996289740347
-2.3211917272131486
-2.3456241048439086
-0.9055290474829251
-3.746203461936688
-1.9668790919907966
-2.9757843539094755
-5.170574746154911
-1.3748909674187502
-1.1547005383792515
-6.163646551490323
-1.2020815280171309
-2.4282233768566948
-1.9438547858755881
-2.663552565094396
-6.404939953969397
-2.872873808342018
-1.3930564639961938
-5.998097161945593
-2.7938802353635475
-0.9099883613178744
-2.2333269211443665
-2.7435739251887488
-2.0482760239428566
-2.339474412570247
-1.7567174710152162
-1.0962020304543385
-1.4713615675894494
-2.9953149691987124
-1.8427772400902984
-3.622220498962276
-2.5231765318981427
-0.669273682529494
-1.6946583087818106
-1.6462530736234793
-3.045328211016583
-6.1636465514903245
-2.22766865139373
-3.1508220472895583
-2.5732453675354794
-3.7462034619366884
-1.7370152022137408
-1.3779025199174582
-4.3643578047198455
-1.7726898064234398
-2.1140549942991904
-1.2760726716360848
-2.1455433055458717
-0.95980584092894
-2.3091395583744156
-1.9997959495990205
-2.2390091585726375
-2.250446326958328
-4.9990041887143875
-4.10526387572854
-0.8637103660835675
-2.2447155607348233
-1.4207478735707701
-3.129106819624342
-1.3930564639961938
-3.129106819624342
-3.300302018872943
-2.751834093518153
-2.1455433055458717
-2.8284451614398645
-3.076184664143569
-1.709907412551231
-2.6176614462365952
-0.5650569644854797
-3.3370265406798567
-2.8819288502827893
-1.2427328863186842
-3.118368337751443
-1.3333805829463796
-8.582446091093571
-1.5959832469856785
-3.7142909796736587
-3.413259847652858
-0.9415244926922173
-1.7214583617190509
-0.883398344488208
-1.0962020304543383
-1.55431888875919
-3.288256882376999
-3.3874218611905493
-1.672102367438649
-2.383121847408229
-3.0051803090633067
-4.0269532514723005
-2.1140549942991904
-1.8052160909312795
-8.885009323695842
-0.5612816698969995
-2.8197242721826012
-2.083292088221912
-1.8052160909312804
-0.719194261656952
-2.0141557989143815
-2.5732453675354794
-2.544411347718643
-1.821779999440966
-3.097124456783124
-4.724170581337884
-3.8631537945574634
-2.8197242721826012
-4.724170581337884
-3.005180309063307
-1.6572710941859432
-2.687080216783035
-1.3451188630490958
-2.1942115968481275
-4.460036826534189
-1.2797732256184338
-2.7047853709477114
-2.0782331727949837
-3.0971244567831238
-4.12542257358266
-0.8878026720518378
-2.1140549942991904
-0.9782848520641083
-4.318395962544471
-1.3869755210512333
-1.1940814946196767
-1.2182100272825616
-3.8631537945574634
-2.4953662118376974
-1.234513764845295
-3.7142909796736583
-0.8143301229827615
-1.6173008621728373
-5.35841343348196
-3.1077078891869796
-2.134964528614129
-1.690872772187517
-2.72719836540498
-4.561133272675466
-2.0782331727949837
-1.7292143311786803
-2.4748737341529154
-2.5092006918270116
-1.7253307679038175
-1.5924624246115335
-4.026953251472303
-3.9339566000405473
-8.307471607356971
-1.051886493678875
-7.142749325331828
-4.587317109255644
-1.8343387738295316
-1.8470165164747798
-0.9829362747918952
-2.9953149691987133
-1.1967434736432139
-2.5878922919383216
-5.03213309644866
-5.7949954707553175
-2.0433479305249116
-1.706078964348116
-1.1755772242640636
-2.4681107468333883
-1.7646799079740796
-1.5749928683520105
-3.1399243709421434
-1.2676669140725911
-4.934404998708776
-12.062619104531855
-3.8288694106557646
-1.513879150311984
-1.7970102823047882
-3.762401091085363
-2.9187356650588483
-2.0433479305249116
-1.5854478420348888
-1.6946583087818103
-3.683003683005525
-1.8727383522986358
-1.0230046877495138
-3.4263446117362437
-6.281139176901424
-2.551563311439096
-3.7952936281401692
-1.3748909674187502
-1.9808869335422108
-1.1651033381312934
-2.5587527227866396
-5.281158554721622
-4.7818790414103285
-4.535322268554147
-2.129706381388571
-8.582446091093571
-3.055541185776136
-1.231784098256501
-2.8197242721826012
-3.7301677010704735
-1.0738907962469026
-1.8814234938694097
-2.2390091585726375
-2.625205102160721
-3.1291068196243432
-1.725330767903818
-4.48478268451227
-2.2108357110153514
-0.7828037703889992
-2.285354026775938
-1.606600453114471
-5.6542585021282665
-1.8470165164747792
-2.441389650827375
-0.6970862676222922
-4.46003682653419
-4.934404998708774
-1.1037094231672373
-3.0658263606013616
-1.7888543819998324
-5.065836865293932
-0.9575099982900426
-5.945533960583277
-1.461731325135804
-2.5805493533836685
-3.2644528134269395
-1.709907412551231
-1.4426672753260512
-3.4528542057354494
-2.5878922919383216
-7.825090091632654
-2.573245367535479
-0.7538291206175173
-2.1088783626672516
-2.6327901321672953
-1.0738907962469026
-3.8288694106557646
-1.8989650554029576
-3.5926849910260623
-2.7938802353635466
-1.698454477052946
-6.281139176901424
-2.5372964681267836
-3.076184664143569
-4.902903378454603
-1.3930564639961938
-3.3494692265161774
-1.0616290541204005
-5.700149424146085
-0.8313585951903169
-1.172952017956481
-2.5805493533836685
-11.048108103813933
-1.0134894620080084
-3.076184664143569
-1.4713615675894496
-2.2562016588756477
-3.2644528134269395
-1.9622423212063191
-2.093467818659298
-3.8288694106557637
-2.5878922919383216
-2.5732453675354794
-2.0335460415371553
-2.3151521697161423
-2.0433479305249125
-1.7292143311786803
-3.970532830659066
-2.640416960233103
-2.14024344955108
-2.339474412570247
-4.509875001408055
-3.683003683005525
-3.81199455941485
-9.59430215142626
-2.188715767182476
-4.3643578047198455
-7.142749325331829
-2.0141557989143815
-3.6675877866943174
-1.610157941205923
-3.413259847652858
-4.341226359238745
-3.5211959107206043
-0.9969682751588355
-1.7370152022137406
-2.516170772571462
-5.945533960583279
-1.9715320415240327
-4.561133272675465
-6.603799722734529
-7.058279182584455
-2.687080216783035
-1.7099074125512308
-2.640416960233103
-1.80521609093128
-1.170331315027201
-3.045328211016584
-1.9950434961785897
-1.7214583617190502
-1.2236248949676916
-2.161570123781456
-2.0832920882219135
-4.752801591758739
-1.752753867124949
-2.937500886485025
-1.5889506398724536
-2.602696590675205
-4.640841290999839
-2.166955368900047
-6.820602506868511
-1.3130651806828213
-1.0373816645277942
-2.655797737180897
-1.4940940096242006
-2.1997300756606624
-2.6252051021607223
-2.250446326958329
-3.4002861536749176
-12.912018157307612
-2.558752722786639
-1.1443675570101561
-1.5784690060526456
-2.900213547805225
-1.6795793222291582
-1.6208864017175078
-1.568066907452176
-1.128996289740347
-1.8857873314202298
-2.408710213451614
-5.52228135243318
-3.26445281342694
-1.9122741410805533
-3.337026540679858
-1.3304608700983178
-3.863153794557463
-2.587892291938322
-2.751834093518153
-1.09370747019129
-4.902903378454602
-2.695012031758884
-0.8637103660835675
-1.8176197823142164
-1.2676669140725907
-1.7292143311786803
-3.7301677010704735
-2.303153663768874
-4.387797262256986
-3.9521436590512966
-3.828869410655764
-2.551563311439097
-4.295859870610536
-1.672102367438649
-2.625205102160722
-3.7787634885950783
-5.032133096448658
-4.273611549842829
-2.837220162570576
-1.7253307679038181
-1.8641092980035996
-4.3643578047198455
-1.3599276388925527
-1.6462530736234793
-4.10526387572854
-1.194081494619677
-4.341226359238745
-3.015113445777636
-4.613883196650686
-2.9565150896728247
-1.6535884769844826
-6.2811391769014255
-2.428223376856695
-2.6101587464293785
-2.900213547805225
-2.6176614462365944
-1.5509032524987614
-4.1664715451299505
-2.6176614462365952
-4.273611549842829
-1.0714309358275327
-2.0384379804664206
-1.7527538671249487
-1.445826680310684
-0.7354203893366001
-1.5440972939559128
-3.6675877866943174
-3.880570000581326
-2.2220341545022135
-1.1037094231672373
-2.5805493533836685
-2.303153663768874
-2.2912611206638593
-5.319417390372533
-1.0962020304543385
-1.7970102823047889
-6.163646551490323
-1.3779025199174584
-7.825090091632652
-2.0532223943045125
-2.3894737772448202
-2.8728738083420167
-4.10526387572854
-4.561133272675467
-1.0253921105975365
-2.719081939443274
-2.679193345766832
-7.71638315516691
-0.7071067811865474
-1.270463505118527
-2.093467818659297
-0.9256853466928613
-1.0518864936788752
-1.6030522095229276
-1.0040286822126756
-3.880570000581326
-3.493495463434976
-7.71638315516691
-1.7292143311786803
-1.6173008621728373
-2.8110568859997356
-1.6833333414231706
-2.038437980466421
-3.8631537945574643
-2.0335460415371553
-4.364357804719846
-2.837220162570576
-1.484306086008552
-3.5781230423628076
-4.10526387572854
-1.2427328863186842
-2.22766865139373
-2.937500886485025
-1.9668790919907961
-6.897345273673732
-3.746203461936688
-0.9347186136823165
-2.8197242721826026
-3.3246854204419005
-1.6572710941859436
-2.279472758766333
-3.2763075996253144
-2.428223376856695
-0.768263753751457
-1.0253921105975368
-2.1244688482563814
-1.4395149583973006
-2.9757843539094755
-1.6683793098208708
-2.891041869535032
-1.698454477052946
-3.0971244567831224
-9.798479682156442
-0.8790047448260512
-4.841422319808524
-3.015113445777636
-2.8197242721826012
-6.535647091715861
-1.0325752951166318
-2.172362382600539
-2.5587527227866396
-3.2410214355804876
-3.845921391267696
-1.9622423212063198
-2.872873808342019
-3.4798290231998332
-1.5373247800774548
-5.5653582757051225
-5.5653582757051225
-3.7624010910853625
-2.0093519783440343
-3.521195910720604
-2.395855634966866
-4.12542257358266
-2.4022676895708392
-1.8343387738295316
-3.970532830659066
-1.740932648018136
-7.142749325331829
-1.7060789643481156
-2.6791933457668318
-2.632790132167295
-5.206759265915885
-1.6066004531144706
-4.007933491859189
-1.270463505118527
-1.1521107964697286
-3.8288694106557637
-2.0782331727949837
-1.7646799079740794
-1.2482376375007787
-1.530585346834195
-1.0937074701912897
-2.88192885028279
-7.414093228352663
-4.999004188714387
-2.134964528614129
-1.9347552090512035
-5.100132858949831
-4.3643578047198455
-1.6137247265160637
-0.9690202229430367
-5.565358275705121
-3.667587786694318
-6.897345273673732
-4.12542257358266
-1.4875610854141494
-1.971532041524033
-1.118832489498333
-5.1705747461549105
-4.811415078247307
-1.624481399108866
-2.1088783626672516
-3.778763488595078
-2.909444578117822
-6.051934131808716
-4.04619167187681
-4.587317109255645
-3.3620149804993775
-1.1755772242640639
-2.648086016458264
-3.2882568823769986
-0.950640870665754
-3.252691193458117
-4.509875001408053
-3.0658263606013607
-1.8727383522986356
-1.2648756176188194
-5.52228135243318
-4.046191671876811
-3.03518652416496
-2.0045654029831854
-2.285354026775938
-4.27361154984283
-2.303153663768874
-1.8427772400902989
-3.337026540679859
-2.8024424036714466
-4.387797262256986
-1.9808869335422108
-3.0351865241649603
-1.3688868432879333
-2.9565150896728243
-2.509200691827012
-1.7606927936588235
-3.8459213912676975
-9.220167799605036
-1.5272279231496595
-0.9667119496800224
-2.751834093518152
-2.3958556349668667
-2.881928850282789
-3.479829023199833
-1.7448615270136374
-1.2236248949676916
-1.8814234938694088
-0.73949690337627
-1.2399881354375641
-2.239009158572637
-0.8485426414722752
-1.9903079219132047
-11.694952429392819
-1.14694432515642
-1.083768290402446
-5.281158554721622
-3.2410214355804867
-3.549399621856781
-2.053222394304513
-0.9598058409289398
-3.1183683377514435
-0.8249549591491986
-2.4480209081314506
-2.640416960233103
-4.587317109255645
-4.41155192362789
-2.837220162570576
-3.8288694106557646
-2.3151521697161432
-1.1782069543877287
-1.784794950890998
-4.007933491859189
-1.2399881354375641
-3.8981734791115232
-1.4713615675894496
-2.751834093518153
-3.374665336625268
-5.5653582757051225
-2.671350949367452
-2.2333269211443665
-5.35841343348196
-3.3003020188729413
-2.4022676895708392
-2.640416960233102
-0.9713316365705029
-2.058187176566191
-3.4528542057354503
-1.2845267639819955
-2.9855165910594943
-1.2509976855287699
-3.778763488595078
-1.0182402110977997
-5.609339674274278
-4.841422319808524
-2.9565150896728256
-1.116301834171258
-1.56461698692986
-2.3211917272131486
-3.7462034619366884
-5.1350391868982275
-1.7331091197043598
-4.535322268554147
-2.5878922919383216
-1.687097803990034
-4.0461916718768105
-1.2101241751177712
-3.6371986695961054
-1.253762880572665
-3.4263446117362437
-1.599513158117569
-3.129106819624342
-3.507283778230599
-0.6262574207015459
-1.0738907962469026
-1.7137467508007012
-1.1834800684195474
-2.735362189542592
-1.049460003041128
-1.6609637327504732
-1.4395149583973001
-1.5072527084892853
-3.1183683377514444
-0.6970862676222922
-2.199730075660662
-2.9953149691987133
-2.3151521697161432
-0.9621047717246672
-1.5238786355189178
-1.5172042926449703
-3.8805700005813266
-2.177791337125263
-5.998097161945594
-5.438717035384045
-1.5474960696817504
-3.03518652416496
-1.510561969847187
-1.3304608700983178
-4.724170581337884
-4.613883196650686
-2.4546846414538477
-3.698570537958092
-1.7331091197043598
-7.5111332891695675
-2.351801932729023
-5.243613355338585
-2.339474412570247
-1.7847949508909984
-2.172362382600539
-2.239009158572637
-6.404939953969394
-3.3494692265161783
-5.281158554721622
-1.8427772400902982
-2.502265949973596
-1.0543166283204963
-6.281139176901425
-2.9469764902338977
-6.342215439612914
-2.602696590675205
-1.4489932102099963
-2.6327901321672953
-5.945533960583278
-0.9437990758871259
-1.6173008621728369
-2.018976989162761
-5.35841343348196
-2.1402434495510794
-1.445826680310684
-0.6146636187224311
-2.0093519783440343
-1.628085908727497
-2.421687775950275
-1.69465830878181
-3.413259847652858
-2.014155798914382
-0.8812002091822314
-3.5926849910260628
-4.587317109255645
-3.6985705379580907
-3.206550672157663
-2.088370255146497
-4.902903378454601
-1.520537439918491
-2.1088783626672516
-2.937500886485025
-2.2447155607348233
-2.6791933457668318
-3.5493996218567805
-3.118368337751444
-1.5611757087513605
-3.7301677010704735
-2.5878922919383216
-16.15561209862904
-2.068172523585287
-2.250446326958328
-1.8555355939648295
-0.9852668102854054
-1.2399881354375641
-1.6572710941859436
