0.1406315789473684
0.10736842105263159
0.061052631578947365
0.051789473684210524
0.11663157894736842
0.1957894736842105
0.04
0.10189473684210526
0.04252631578947368
0.12926315789473683
0.05642105263157895
0.1511578947368421
0.18778947368421053
0.16336842105263158
0.11115789473684211
0.04968421052631579
0.17010526315789473
0.17094736842105263
0.01936842105263158
0.11831578947368421
0.05768421052631579
0.09726315789473684
0.09305263157894737
0.04715789473684211
0.08210526315789474
0.07621052631578948
0.11621052631578947
0.08294736842105263
0.05894736842105263
0.05642105263157895
0.1271578947368421
0.04168421052631579
0.09768421052631579
0.06652631578947368
0.10989473684210527
0.11663157894736842
0.06821052631578947
0.22147368421052632
0.08168421052631579
0.10989473684210527
0.07073684210526315
0.14484210526315788
0.12252631578947368
0.208
0.0863157894736842
0.023578947368421053
0.09557894736842105
0.1296842105263158
0.16715789473684212
0.08926315789473684
0.13305263157894737
0.042105263157894736
0.03621052631578947
0.11873684210526315
0.17894736842105263
0.12842105263157894
0.13726315789473684
0.07410526315789474
0.15073684210526317
0.10442105263157894
0.06778947368421052
0.1688421052631579
0.072
0.14947368421052631
0.037894736842105266
0.06273684210526316
0.08080808080808081
0.07831578947368421
0.07578947368421053
0.06821052631578947
0.12505263157894736
0.07157894736842105
0.07157894736842105
0.04926315789473684
0.06357894736842105
0.12463157894736843
0.17936842105263157
0.05136842105263158
0.13094736842105262
0.13810526315789473
0.13642105263157894
0.15621052631578947
0.08547368421052631
0.07157894736842105
0.18694736842105264
0.17305263157894737
0.1191578947368421
0.05136842105263158
0.12378947368421053
0.02863157894736842
0.2143157894736842
0.1616842105263158
0.06778947368421052
0.08968421052631578
0.16926315789473684
0.06526315789473684
0.06778947368421052
0.17768421052631578
0.05136842105263158
0.061052631578947365
0.16789908655937363
0.18147368421052631
0.14736842105263157
0.152
0.09852631578947368
0.03621052631578947
0.05094736842105263
0.021473684210526315
0.019789473684210527
0.02273684210526316
0.1385263157894737
0.1376842105263158
0.03915789473684211
0.12336842105263159
0.09052631578947369
0.1031578947368421
0.08884210526315789
0.018947368421052633
0.10821052631578948
0.09978947368421053
0.1848421052631579
0.1823157894736842
0.06610526315789474
0.1688421052631579
0.13473684210526315
0.16926315789473684
0.20463157894736841
0.02863157894736842
0.10778947368421053
0.09894736842105263
0.03031578947368421
0.06694736842105263
0.09221052631578948
0.05852631578947368
0.17389473684210527
0.16926315789473684
0.04
0.12042105263157894
0.0968421052631579
0.13010526315789472
0.08505263157894737
0.18063157894736842
0.11578947368421053
0.11031578947368421
0.11157894736842106
0.13557894736842105
0.16842105263157894
0.045052631578947365
0.10526315789473684
0.16210526315789472
0.14905263157894738
0.09726315789473684
0.09347368421052632
0.15410526315789475
0.07242105263157894
0.072
0.1271578947368421
0.03873684210526316
0.11494736842105263
0.04968421052631579
0.06947368421052631
0.03242105263157895
0.018526315789473686
0.03494736842105263
0.026526315789473683
0.010105263157894737
0.10526315789473684
0.14021052631578948
0.06736842105263158
0.09431578947368421
0.05768421052631579
0.08926315789473684
0.05094736842105263
0.021052631578947368
0.04926315789473684
0.031157894736842107
0.11242105263157895
0.03452631578947368
0.17684210526315788
0.11621052631578947
0.1288421052631579
0.029052631578947368
0.09221052631578948
0.03663157894736842
0.1414736842105263
0.03747368421052632
0.07326315789473684
0.09052631578947369
0.1296842105263158
0.04
0.12168421052631578
0.17642105263157895
0.13389473684210526
0.07747368421052632
0.048842105263157895
0.07494736842105264
0.136
0.05052631578947368
0.09221052631578948
0.08757894736842105
0.17726315789473684
0.07410526315789474
0.03242105263157895
0.1705263157894737
0.13178947368421054
0.13263157894736843
0.08294736842105263
0.03368421052631579
0.04252631578947368
0.07747368421052632
0.11578947368421053
0.07663157894736843
0.043789473684210524
0.035789473684210524
0.031157894736842107
0.034105263157894736
0.05094736842105263
0.11157894736842106
0.1296842105263158
0.09010526315789473
0.064
0.14105263157894737
0.1423157894736842
0.17473684210526316
0.01768421052631579
0.058105263157894736
0.10147368421052631
0.19157894736842104
0.15831578947368422
0.10610526315789473
0.05642105263157895
0.06526315789473684
0.07747368421052632
0.11831578947368421
0.07831578947368421
0.05347368421052632
0.0968609865470852
0.04
0.05221052631578947
0.09305263157894737
0.09221052631578948
0.05473684210526316
0.064
0.16252631578947369
0.035789473684210524
0.08757894736842105
0.026526315789473683
0.06357894736842105
0.15452631578947368
0.19915789473684212
0.05894736842105263
0.04968421052631579
0.05852631578947368
0.07073684210526315
0.04126315789473684
0.08294736842105263
0.0648421052631579
0.16463157894736843
0.152
0.1511578947368421
0.2025263157894737
0.14736842105263157
0.03536842105263158
0.05768421052631579
0.14189473684210527
0.13557894736842105
0.12589473684210525
0.16631578947368422
0.06610526315789474
0.08294736842105263
0.072
0.10526315789473684
0.006736842105263158
0.048842105263157895
0.04631578947368421
0.04547368421052632
0.11326315789473684
0.013052631578947368
0.055578947368421054
0.04421052631578947
0.04968421052631579
0.1376842105263158
0.05768421052631579
0.08673684210526315
0.064
0.16589473684210526
0.04715789473684211
0.14568421052631578
0.09431578947368421
0.06357894736842105
0.04842105263157895
0.14021052631578948
0.11073684210526316
0.08042105263157895
0.03452631578947368
0.00968421052631579
0.1503157894736842
0.19957894736842105
0.13136842105263158
0.03368421052631579
0.13515789473684212
0.026947368421052633
0.16757894736842105
0.1482105263157895
0.035789473684210524
0.06273684210526316
0.1031578947368421
0.11957894736842105
0.06231578947368421
0.14652631578947367
0.045894736842105266
0.13642105263157894
0.07368421052631578
0.10652631578947368
0.06063157894736842
0.10189473684210526
0.09726315789473684
0.10189473684210526
0.05726315789473684
0.03452631578947368
0.10778947368421053
0.07242105263157894
0.10357894736842105
0.032
0.07326315789473684
0.14736842105263157
0.10484210526315789
0.09515789473684211
0.07324078506462423
0.06778947368421052
0.19536842105263158
0.03663157894736842
0.1031578947368421
0.10778947368421053
0.1743157894736842
0.1423157894736842
0.08294736842105263
0.07831578947368421
0.047578947368421054
0.06315789473684211
0.21936842105263157
0.21263157894736842
0.0968421052631579
0.018518518518518517
0.08210526315789474
0.112
0.15621052631578947
0.04631578947368421
0.10736842105263159
0.12126315789473684
0.13305263157894737
0.12842105263157894
0.07957894736842105
0.07284210526315789
0.056842105263157895
0.18736842105263157
0.03621052631578947
0.08926315789473684
0.12547368421052632
0.06568421052631579
0.06021052631578947
0.04673342870767763
0.04421052631578947
0.08463157894736842
0.045894736842105266
0.04968421052631579
0.13263157894736843
0.15242105263157896
0.08505263157894737
0.21136842105263157
0.053894736842105266
0.08968421052631578
0.09010526315789473
0.12126315789473684
0.11410526315789474
0.12336842105263159
0.12168421052631578
0.18105263157894738
0.06863157894736842
0.08210526315789474
0.07494736842105264
0.08926315789473684
0.12757894736842104
0.19157894736842104
0.15747368421052632
0.09094736842105264
0.14189473684210527
0.15242105263157896
0.11536842105263158
0.128
0.088
0.05894736842105263
0.15157894736842106
0.1385263157894737
0.15410526315789475
0.05936842105263158
0.1031578947368421
0.034105263157894736
0.07242105263157894
0.1688421052631579
0.053894736842105266
0.11957894736842105
0.15663157894736843
0.10610526315789473
0.035789473684210524
0.12
0.11705263157894737
0.15789473684210525
0.013052631578947368
0.07242105263157894
0.08378947368421052
0.15452631578947368
0.08210526315789474
0.040842105263157895
0.12126315789473684
0.019789473684210527
0.07536842105263158
0.13221052631578947
0.06778947368421052
0.04842105263157895
0.045052631578947365
0.144
0.061052631578947365
0.056842105263157895
0.1696842105263158
0.10526315789473684
0.05894736842105263
0.08042105263157895
0.029052631578947368
0.11031578947368421
0.07578947368421053
0.05347368421052632
0.010526315789473684
0.053894736842105266
0.05768421052631579
0.10273684210526315
0.08252631578947368
0.14694736842105263
0.05221052631578947
0.1503157894736842
0.096
0.09642105263157895
0.1726315789473684
0.08294736842105263
0.18273684210526317
0.04421052631578947
0.14105263157894737
0.11073684210526316
0.02863157894736842
0.07663157894736843
0.128
0.16421052631578947
0.144
0.056842105263157895
0.09726315789473684
0.12042105263157894
0.10905263157894737
0.0863157894736842
0.08421052631578947
0.04252631578947368
0.027789473684210527
0.05052631578947368
0.04842105263157895
0.04926315789473684
0.12673684210526315
0.09010526315789473
0.027789473684210527
0.08252631578947368
0.19410526315789473
0.1503157894736842
0.09810526315789474
0.07831578947368421
0.08
0.05852631578947368
0.15073684210526317
0.18147368421052631
0.013052631578947368
0.1031578947368421
0.03663157894736842
0.21010526315789474
0.2054736842105263
0.10021052631578947
0.15536842105263157
0.11368421052631579
0.07621052631578948
0.0968421052631579
0.03494736842105263
0.10778947368421053
0.128
0.0648421052631579
0.10273684210526315
0.04673684210526316
0.028210526315789474
0.13347368421052633
0.144
0.16
0.1414736842105263
0.01726315789473684
0.17305263157894737
0.09178947368421053
0.1734736842105263
0.10021052631578947
0.11663157894736842
0.13010526315789472
0.031157894736842107
0.08926315789473684
0.07747368421052632
0.047578947368421054
0.10063157894736842
0.11873684210526315
0.10147368421052631
0.13894736842105262
0.08421052631578947
0.17642105263157895
0.04252631578947368
0.17642105263157895
0.031157894736842107
0.03368421052631579
0.1288421052631579
0.04463157894736842
0.1191578947368421
0.053052631578947365
0.14905263157894738
0.10484210526315789
0.07242105263157894
0.09852631578947368
0.09347368421052632
0.05473684210526316
0.08117195004803074
0.04673684210526316
0.12378947368421053
0.027789473684210527
0.16842105263157894
0.168
0.15242105263157896
0.06905263157894737
0.15789473684210525
0.09557894736842105
0.03705263157894737
0.05642105263157895
0.1713684210526316
0.05936842105263158
0.05221052631578947
0.17473684210526316
0.06063157894736842
0.09852631578947368
0.07831578947368421
0.035789473684210524
0.10821052631578948
0.023578947368421053
0.15326315789473685
0.14652631578947367
0.11073684210526316
0.1031578947368421
0.16631578947368422
0.16294736842105262
0.14610526315789474
0.13221052631578947
0.07578947368421053
0.026947368421052633
0.1848421052631579
0.04673684210526316
0.06821052631578947
0.053894736842105266
0.20968421052631578
0.021473684210526315
0.13263157894736843
0.12547368421052632
0.12378947368421053
0.12
0.12378947368421053
0.12673684210526315
0.05263157894736842
0.06652631578947368
0.0871578947368421
0.12
0.06147368421052631
0.12463157894736843
0.08
0.14357894736842106
0.056842105263157895
0.02863157894736842
0.09978947368421053
0.019789473684210527
0.13894736842105262
0.061052631578947365
0.07663157894736843
0.152
0.016421052631578947
0.03873684210526316
0.10357894736842105
0.17978947368421053
0.0808421052631579
0.07368421052631578
0.13136842105263158
0.16926315789473684
0.09726315789473684
0.013473684210526317
0.03915789473684211
0.19789473684210526
0.053052631578947365
0.06526315789473684
0.12336842105263159
0.21305263157894735
0.11957894736842105
0.019789473684210527
0.15621052631578947
0.05094736842105263
0.034105263157894736
0.018526315789473686
0.043789473684210524
0.10568421052631578
0.03831578947368421
0.064
0.11621052631578947
0.19073684210526315
0.11873684210526315
0.021894736842105262
0.13431578947368422
0.08210526315789474
0.10905263157894737
0.02863157894736842
0.08294736842105263
0.06610526315789474
0.15705263157894736
0.09515789473684211
0.07242105263157894
0.07368421052631578
0.15242105263157896
0.16463157894736843
0.13347368421052633
0.07915789473684211
0.08336842105263158
0.0808421052631579
0.029052631578947368
0.05136842105263158
0.01726315789473684
0.14778947368421053
0.08336842105263158
0.15536842105263157
0.1957894736842105
0.09305263157894737
0.15242105263157896
0.021052631578947368
0.028210526315789474
0.10736842105263159
0.05136842105263158
0.06357894736842105
0.09642105263157895
0.06021052631578947
0.16421052631578947
0.1414736842105263
0.04294736842105263
0.028210526315789474
0.03915789473684211
0.1431578947368421
0.12252631578947368
0.11494736842105263
0.018526315789473686
0.06568421052631579
0.12294736842105262
0.09178947368421053
0.029052631578947368
0.16042105263157894
0.11957894736842105
0.0863157894736842
0.17094736842105263
0.03705263157894737
0.09305263157894737
0.08
0.14568421052631578
0.03536842105263158
0.16252631578947369
0.05894736842105263
0.19494736842105262
0.10189473684210526
0.1406315789473684
0.028210526315789474
0.05642105263157895
0.053052631578947365
0.15157894736842106
0.07747368421052632
0.07831578947368421
0.13726315789473684
0.03705263157894737
0.07284210526315789
0.10273684210526315
0.06357894736842105
0.1423157894736842
0.072
0.04042105263157895
0.1368421052631579
0.03368421052631579
0.043789473684210524
0.023157894736842106
0.16547368421052633
0.11831578947368421
0.18147368421052631
0.08463157894736842
0.17978947368421053
0.035789473684210524
0.021052631578947368
0.03368421052631579
0.009263157894736843
0.15831578947368422
0.1431578947368421
0.03831578947368421
0.03663157894736842
0.1431578947368421
0.06568421052631579
0.08589473684210526
0.16275984077841663
0.16842105263157894
0.17389473684210527
0.11621052631578947
0.15957894736842104
0.05052631578947368
0.03873684210526316
0.15705263157894736
0.07494736842105264
0.06736842105263158
0.06063157894736842
0.07873684210526316
0.09431578947368421
0.09557894736842105
0.04631578947368421
0.05894736842105263
0.08294736842105263
0.14863157894736842
0.04294736842105263
0.0050526315789473685
0.17894736842105263
0.08463157894736842
0.072
0.06273684210526316
0.11452631578947368
0.1376842105263158
0.04252631578947368
0.11242105263157895
0.07368421052631578
0.17473684210526316
0.11747368421052631
0.04842105263157895
0.0863157894736842
0.13347368421052633
0.07873684210526316
0.04673684210526316
0.061052631578947365
0.013052631578947368
0.09726315789473684
0.1928421052631579
0.09726315789473684
0.009263157894736843
0.17642105263157895
0.10063157894736842
0.0029473684210526317
0.1608421052631579
0.11578947368421053
0.19410526315789473
0.0871578947368421
0.1376842105263158
0.192
0.11621052631578947
0.10105263157894737
0.04042105263157895
0.050105263157894736
0.05221052631578947
0.11368421052631579
0.14863157894736842
0.08168421052631579
0.02863157894736842
0.11578947368421053
0.045052631578947365
0.07705263157894737
0.08589473684210526
0.0648421052631579
0.05263157894736842
0.05094736842105263
0.1271578947368421
0.04294736842105263
0.1368421052631579
0.12631578947368421
0.06821052631578947
0.05263157894736842
0.11831578947368421
0.14778947368421053
0.06526315789473684
0.10905263157894737
0.07663157894736843
0.05263157894736842
0.019789473684210527
0.04463157894736842
0.17978947368421053
0.10273684210526315
0.10989473684210527
0.08757894736842105
0.027789473684210527
0.05473684210526316
0.09305263157894737
0.04252631578947368
0.17221052631578948
0.17389473684210527
0.05768421052631579
0.07073684210526315
0.1376842105263158
0.0711578947368421
0.04
0.04168421052631579
0.11494736842105263
0.055578947368421054
0.15073684210526317
0.1528421052631579
0.045894736842105266
0.026947368421052633
0.07705263157894737
0.06147368421052631
0.04547368421052632
0.03621052631578947
0.04
0.14905263157894738
0.12421052631578948
0.061052631578947365
0.0648421052631579
0.07410526315789474
0.06652631578947368
0.05832211754149843
0.1406315789473684
0.053894736842105266
0.15452631578947368
0.11242105263157895
0.05431578947368421
0.13557894736842105
0.1288421052631579
0.04631578947368421
0.12673684210526315
0.15789473684210525
0.059789473684210524
0.16505263157894737
0.11957894736842105
0.09389473684210527
0.15831578947368422
0.1431578947368421
0.04926315789473684
0.09810526315789474
0.04126315789473684
0.07452631578947369
0.12294736842105262
0.04168421052631579
0.0711578947368421
0.12084210526315789
0.09136842105263158
0.08968421052631578
0.184
0.13052631578947368
0.04842105263157895
0.1271578947368421
0.035789473684210524
0.0863157894736842
0.1823157894736842
0.14947368421052631
0.13431578947368422
0.14526315789473684
0.07873684210526316
0.14442105263157895
0.11873684210526315
0.04673684210526316
0.029473684210526315
0.11452631578947368
0.10736842105263159
0.11410526315789474
0.1591578947368421
0.13347368421052633
0.05473684210526316
0.12378947368421053
0.152
0.14863157894736842
0.04547368421052632
0.11578947368421053
0.058105263157894736
0.11578947368421053
0.04168421052631579
0.1376842105263158
0.13894736842105262
0.15621052631578947
0.032842105263157895
0.1528421052631579
0.09515789473684211
0.047578947368421054
0.05263157894736842
0.04126315789473684
0.15536842105263157
0.14484210526315788
0.07663157894736843
0.0968421052631579
0.05052631578947368
0.14357894736842106
0.09642105263157895
0.09726315789473684
0.13978947368421052
0.06778947368421052
0.11368421052631579
0.04968421052631579
0.031578947368421054
0.19621052631578947
0.12589473684210525
0.05515789473684211
0.11368421052631579
0.17473684210526316
0.0711578947368421
0.07915789473684211
0.04968421052631579
0.1823157894736842
0.018947368421052633
0.2143157894736842
0.10273684210526315
0.10526315789473684
0.06526315789473684
0.14652631578947367
0.06063157894736842
0.05473684210526316
0.026105263157894736
0.04042105263157895
0.16042105263157894
0.05473684210526316
0.15831578947368422
0.06947368421052631
0.03705263157894737
0.08547368421052631
0.072
0.05473684210526316
0.11957894736842105
0.07873684210526316
0.08968421052631578
0.14484210526315788
0.07536842105263158
0.14484210526315788
0.009263157894736843
0.08421052631578947
0.055578947368421054
0.08884210526315789
0.04168421052631579
0.13978947368421052
0.048842105263157895
0.07110507246376811
0.13010526315789472
0.08210526315789474
0.12589473684210525
0.06021052631578947
0.08505263157894737
0.09894736842105263
0.1591578947368421
0.023578947368421053
0.06694736842105263
0.18273684210526317
0.05894736842105263
0.08042105263157895
0.1423157894736842
0.04968421052631579
0.17389473684210527
0.08968421052631578
0.06694736842105263
0.07705263157894737
0.06315789473684211
0.09136842105263158
0.053894736842105266
0.10105263157894737
0.11873684210526315
0.05094736842105263
0.018947368421052633
0.10610526315789473
0.028210526315789474
0.11957894736842105
0.1191578947368421
0.018947368421052633
0.05515789473684211
0.04421052631578947
0.18357894736842106
0.10231578947368421
0.07873684210526316
0.1511578947368421
0.10105263157894737
0.04968421052631579
0.21010526315789474
0.07410526315789474
0.061052631578947365
0.17557894736842106
0.16294736842105262
0.003789473684210526
0.06610526315789474
0.15452631578947368
0.15705263157894736
0.04336842105263158
0.010947368421052631
0.016421052631578947
0.024
0.16547368421052633
0.07663157894736843
0.06947368421052631
0.09894736842105263
0.13094736842105262
0.1431578947368421
0.056842105263157895
0.10105263157894737
0.08589473684210526
0.11957894736842105
0.136
0.08842105263157894
0.1423157894736842
0.05768421052631579
0.16
0.12463157894736843
0.14694736842105263
0.02063157894736842
0.0808421052631579
0.04126315789473684
0.13515789473684212
0.17978947368421053
0.10694736842105264
0.09136842105263158
0.07536842105263158
0.1705263157894737
0.01263157894736842
0.01431578947368421
0.10357894736842105
0.12926315789473683
0.03242105263157895
0.15242105263157896
0.05473684210526316
0.05094736842105263
0.14526315789473684
0.11368421052631579
0.034105263157894736
0.08968421052631578
0.04042105263157895
0.07326315789473684
0.048842105263157895
0.13010526315789472
0.0703157894736842
0.03326315789473684
0.045052631578947365
0.056842105263157895
0.09010526315789473
0.06231578947368421
0.14905263157894738
0.07157894736842105
0.14568421052631578
0.031578947368421054
0.06821052631578947
0.009966777408637873
0.03368421052631579
0.045894736842105266
0.08294736842105263
0.07157894736842105
0.072
0.030736842105263156
0.13305263157894737
0.08842105263157894
0.07578947368421053
0.17936842105263157
0.05263157894736842
0.136
0.11368421052631579
0.06778947368421052
0.16421052631578947
0.04547368421052632
0.17936842105263157
0.06947368421052631
0.037894736842105266
0.09094736842105264
0.018526315789473686
0.034105263157894736
0.031578947368421054
0.05642105263157895
0.09221052631578948
0.072
0.09136842105263158
0.1128421052631579
0.056842105263157895
0.1503157894736842
0.18442105263157896
0.04926315789473684
0.17726315789473684
0.1414736842105263
0.10778947368421053
0.024842105263157895
0.2033684210526316
0.034105263157894736
0.10610526315789473
0.02736842105263158
0.1191578947368421
0.15747368421052632
0.02063157894736842
0.034105263157894736
0.15663157894736843
0.06989473684210526
0.13515789473684212
0.14526315789473684
0.0968421052631579
0.144
0.0808421052631579
0.10021052631578947
0.05347368421052632
0.1385263157894737
0.07326315789473684
0.02736842105263158
0.14989473684210528
0.09768421052631579
0.16673684210526316
0.10096153846153846
0.08547368421052631
0.07789473684210527
0.09978947368421053
0.06905263157894737
0.1271578947368421
0.09347368421052632
0.02568421052631579
0.045052631578947365
0.1385263157894737
0.10147368421052631
0.09726315789473684
0.1031578947368421
0.037894736842105266
0.1431578947368421
0.0808421052631579
0.09642105263157895
0.11115789473684211
0.1688421052631579
0.08757894736842105
0.08463157894736842
0.04968421052631579
0.168
0.08210526315789474
0.1271578947368421
0.04547368421052632
0.024842105263157895
0.009263157894736843
0.03452631578947368
0.11452631578947368
0.14189473684210527
0.045052631578947365
0.058105263157894736
0.1128421052631579
0.07242105263157894
0.07410526315789474
0.07957894736842105
0.08210526315789474
0.07368421052631578
0.05852631578947368
0.04463157894736842
0.12631578947368421
0.14273684210526316
0.11410526315789474
0.10484210526315789
0.176
0.05221052631578947
0.031157894736842107
0.09384941675503712
0.11789473684210526
0.14652631578947367
0.10147368421052631
0.10189473684210526
0.09136842105263158
0.0648421052631579
0.12589473684210525
0.19747368421052633
0.02568421052631579
0.04296066252587992
0.21894736842105264
0.09768421052631579
0.13726315789473684
0.11326315789473684
0.09515789473684211
0.004210526315789474
0.03705263157894737
0.03663157894736842
0.07157894736842105
0.1688421052631579
0.16294736842105262
0.20042105263157894
0.088
0.09852631578947368
0.06947368421052631
0.1288421052631579
0.018947368421052633
0.10694736842105264
0.12042105263157894
0.17978947368421053
0.06147368421052631
0.07536842105263158
0.06778947368421052
0.10021052631578947
0.04842105263157895
0.14273684210526316
0.08673684210526315
0.06778947368421052
0.13473684210526315
0.04
0.07957894736842105
0.056
0.08589473684210526
0.06863157894736842
0.009263157894736843
0.11368421052631579
0.1726315789473684
0.020210526315789474
0.10905263157894737
0.01136842105263158
0.05642105263157895
0.06231578947368421
0.16126315789473683
0.09094736842105264
0.047578947368421054
0.07284210526315789
0.14021052631578948
0.07073684210526315
0.029052631578947368
0.053052631578947365
0.04336842105263158
0.09642105263157895
0.07957894736842105
0.12589473684210525
0.037894736842105266
0.040842105263157895
0.07578947368421053
0.17768421052631578
0.021473684210526315
0.11157894736842106
0.1385263157894737
0.13136842105263158
0.023157894736842106
0.15705263157894736
0.03873684210526316
0.04463157894736842
0.17768421052631578
0.055578947368421054
0.09978947368421053
0.07705263157894737
0.08463157894736842
0.06905263157894737
0.08757894736842105
0.06147368421052631
0.07157894736842105
0.14989473684210528
0.10357894736842105
0.08168421052631579
0.05431578947368421
0.053894736842105266
0.09557894736842105
0.0054736842105263155
0.11494736842105263
0.19452631578947369
0.17010526315789473
0.04463157894736842
0.04547368421052632
0.13347368421052633
0.12631578947368421
0.14442105263157895
0.1376842105263158
0.021052631578947368
0.059789473684210524
0.07621052631578948
0.024
0.13136842105263158
0.14736842105263157
0.13557894736842105
0.061052631578947365
0.03663157894736842
0.13515789473684212
0.13136842105263158
0.13810526315789473
0.06273684210526316
0.15705263157894736
0.12842105263157894
0.14947368421052631
0.13094736842105262
0.17852631578947367
0.16757894736842105
0.10105263157894737
0.096
0.07831578947368421
0.032
0.07368421052631578
0.08294736842105263
0.16463157894736843
0.19031578947368422
0.09810526315789474
0.13557894736842105
0.07410526315789474
0.10989473684210527
0.14736842105263157
0.1191578947368421
0.07536842105263158
0.14947368421052631
0.020833333333333332
0.06231578947368421
0.027789473684210527
0.11326315789473684
0.03831578947368421
0.10526315789473684
0.16505263157894737
0.027789473684210527
0.10905263157894737
0.15705263157894736
0.1511578947368421
0.10484210526315789
0.13515789473684212
0.15410526315789475
0.07284210526315789
0.04042105263157895
0.10568421052631578
0.06821052631578947
0.08463157894736842
0.1966315789473684
0.17936842105263157
0.1031578947368421
0.03831578947368421
0.029052631578947368
0.12336842105263159
0.0711578947368421
0.16294736842105262
0.12505263157894736
0.12673684210526315
0.10989473684210527
0.04463157894736842
0.021894736842105262
0.08842105263157894
0.10905263157894737
0.12126315789473684
0.08294736842105263
0.04631578947368421
0.039578947368421054
0.0050526315789473685
0.0648421052631579
0.06526315789473684
0.021052631578947368
0.010105263157894737
0.08042105263157895
0.12042105263157894
0.05515789473684211
0.17305263157894737
0.02863157894736842
0.07494736842105264
0.08252631578947368
0.10863157894736843
0.11157894736842106
0.14778947368421053
0.10778947368421053
0.11031578947368421
0.04968421052631579
0.13347368421052633
0.026105263157894736
0.08589473684210526
0.11705263157894737
0.1848421052631579
0.13263157894736843
0.037894736842105266
0.12378947368421053
0.15410526315789475
0.09094736842105264
0.06610526315789474
0.06442105263157895
0.13305263157894737
0.016842105263157894
0.1936842105263158
0.18021052631578946
0.10231578947368421
0.09515789473684211
0.08842105263157894
0.05852631578947368
0.08505263157894737
0.17810526315789474
0.15368421052631578
0.05136842105263158
0.01768421052631579
0.061052631578947365
0.11115789473684211
0.16757894736842105
0.1637894736842105
0.09263157894736843
0.04042105263157895
0.048842105263157895
0.10905263157894737
0.11326315789473684
0.15073684210526317
0.10526315789473684
0.03831578947368421
0.06736842105263158
0.09810526315789474
0.07789473684210527
0.008
0.072
0.13263157894736843
0.09136842105263158
0.17726315789473684
0.07578947368421053
0.1423157894736842
0.1637894736842105
0.03621052631578947
0.10189473684210526
0.08042105263157895
0.12547368421052632
0.14105263157894737
0.05052631578947368
0.01263157894736842
0.12926315789473683
0.16336842105263158
0.08547368421052631
0.08378947368421052
0.18357894736842106
0.045894736842105266
0.11115789473684211
0.06778947368421052
0.031157894736842107
0.14442105263157895
0.1696842105263158
0.019789473684210527
0.1637894736842105
0.08884210526315789
0.12421052631578948
0.09178947368421053
0.02231578947368421
0.07663157894736843
0.1423157894736842
0.031157894736842107
0.06863157894736842
0.18273684210526317
0.09389473684210527
0.08378947368421052
0.10610526315789473
0.09136842105263158
0.12
0.17094736842105263
0.1414736842105263
0.06568421052631579
0.11789473684210526
0.05515789473684211
0.07452631578947369
0.216
0.11705263157894737
0.13052631578947368
0.06652631578947368
0.02863157894736842
0.104
0.06147368421052631
0.07915789473684211
0.045894736842105266
0.11873684210526315
0.16
0.048
0.14610526315789474
0.11957894736842105
0.14905263157894738
0.09515789473684211
0.17852631578947367
0.10063157894736842
0.09431578947368421
0.09557894736842105
0.0871578947368421
0.032842105263157895
0.048842105263157895
0.19242105263157894
0.08673684210526315
0.13221052631578947
0.0703157894736842
0.1482105263157895
0.06231578947368421
0.05852631578947368
0.07410526315789474
0.0871578947368421
0.0711578947368421
0.06147368421052631
0.14105263157894737
0.07789473684210527
0.21052631578947367
0.0711578947368421
0.07536842105263158
0.16
0.06357894736842105
0.15368421052631578
0.014736842105263158
0.13389473684210526
0.051789473684210524
0.06147368421052631
0.19031578947368422
0.12
0.18778947368421053
0.1713684210526316
0.1528421052631579
0.064
0.058105263157894736
0.12336842105263159
0.09136842105263158
0.06610526315789474
0.04547368421052632
0.10063157894736842
0.13515789473684212
0.010526315789473684
0.21978947368421053
0.07494736842105264
0.09894736842105263
0.12378947368421053
0.2071578947368421
0.10694736842105264
0.08926315789473684
0.088
0.1128421052631579
0.06021052631578947
0.029052631578947368
0.053894736842105266
0.07242105263157894
0.031157894736842107
0.06273684210526316
0.13305263157894737
0.08589473684210526
0.15157894736842106
0.10021052631578947
0.03705263157894737
0.1568627450980392
0.07973590655154901
0.10989473684210527
0.06610526315789474
0.04463157894736842
0.19326315789473683
0.09010526315789473
0.18736842105263157
0.04
0.15368421052631578
0.16336842105263158
0.17642105263157895
0.05347368421052632
0.08884210526315789
0.15578947368421053
0.05936842105263158
0.19873684210526316
0.1288421052631579
0.032
0.05642105263157895
0.10736842105263159
0.13052631578947368
0.07915789473684211
0.03663157894736842
0.09726315789473684
0.10821052631578948
0.09347368421052632
0.07536842105263158
0.12757894736842104
0.1385263157894737
0.05094736842105263
0.04715789473684211
0.015578947368421053
0.16126315789473683
0.01726315789473684
0.026105263157894736
0.11073684210526316
0.11157894736842106
0.2025263157894737
0.07578947368421053
0.17305263157894737
0.08463157894736842
0.030736842105263156
0.02736842105263158
0.11663157894736842
0.11073684210526316
0.15326315789473685
0.07915789473684211
0.12126315789473684
0.13263157894736843
0.07452631578947369
0.1608421052631579
0.04
0.008
0.05052631578947368
0.13978947368421052
0.11747368421052631
0.04547368421052632
0.05852631578947368
0.10273684210526315
0.144
0.13094736842105262
0.045894736842105266
0.11452631578947368
0.1734736842105263
0.04421052631578947
0.019789473684210527
0.08757894736842105
0.04926315789473684
0.14652631578947367
0.11115789473684211
0.16715789473684212
0.07873684210526316
0.030736842105263156
0.03368421052631579
0.03747368421052632
0.10484210526315789
0.011789473684210527
0.06863157894736842
0.15410526315789475
0.07410526315789474
0.05642105263157895
0.17305263157894737
0.10442105263157894
0.09894736842105263
0.0863157894736842
0.05473684210526316
0.11115789473684211
0.037894736842105266
0.096
0.18821052631578947
0.10231578947368421
0.12084210526315789
0.028210526315789474
0.11789473684210526
0.08547368421052631
0.2168421052631579
0.040842105263157895
0.03368421052631579
0.17389473684210527
0.06315789473684211
0.11789473684210526
0.026526315789473683
0.18610526315789475
0.03705263157894737
0.14442105263157895
0.0711578947368421
0.06863157894736842
0.12631578947368421
0.14778947368421053
0.058105263157894736
0.08926315789473684
0.01136842105263158
0.09094736842105264
0.1957894736842105
0.10736842105263159
0.09431578947368421
0.17305263157894737
0.04631578947368421
0.11494736842105263
0.06315789473684211
0.08842105263157894
0.12926315789473683
0.024842105263157895
0.08884210526315789
0.07915789473684211
0.035789473684210524
0.14273684210526316
0.056842105263157895
0.17221052631578948
0.03536842105263158
0.19915789473684212
0.16547368421052633
0.08294736842105263
0.010105263157894737
0.17642105263157895
0.06315789473684211
0.14484210526315788
0.09642105263157895
0.0648421052631579
0.10147368421052631
0.10778947368421053
0.05136842105263158
0.08926315789473684
0.08168421052631579
0.10947368421052632
0.08842105263157894
0.10526315789473684
0.10905263157894737
0.04631578947368421
0.08
0.09936842105263158
0.0863157894736842
0.03915789473684211
0.05052631578947368
0.04042105263157895
0.010947368421052631
0.09810526315789474
0.04715789473684211
0.016
0.11831578947368421
0.056
0.13936842105263159
0.04715789473684211
0.04421052631578947
0.05263157894736842
0.17389473684210527
0.12463157894736843
0.0808421052631579
0.02568421052631579
0.11957894736842105
0.03031578947368421
0.024
0.013473684210526317
0.08884210526315789
0.1288421052631579
0.07578947368421053
0.13305263157894737
0.16463157894736843
0.06063157894736842
0.11115789473684211
0.11873684210526315
0.14905263157894738
0.10736842105263159
0.09347368421052632
0.04547368421052632
0.13515789473684212
0.053894736842105266
0.14442105263157895
0.07915789473684211
0.028210526315789474
0.09136842105263158
0.024842105263157895
0.1637894736842105
0.15368421052631578
0.088
0.14694736842105263
0.10189473684210526
0.07368421052631578
0.09178947368421053
0.05936842105263158
0.0050526315789473685
0.07536842105263158
0.15705263157894736
0.128
0.07494736842105264
0.13305263157894737
0.13136842105263158
0.13094736842105262
0.15831578947368422
0.11452631578947368
0.09810526315789474
0.031157894736842107
0.05263157894736842
0.11747368421052631
0.058105263157894736
0.15494736842105264
0.05094736842105263
0.07915789473684211
0.07621052631578948
0.1743157894736842
0.029473684210526315
0.07873684210526316
0.19789473684210526
0.12505263157894736
0.16505263157894737
0.13305263157894737
0.05726315789473684
0.09010526315789473
0.032
0.048842105263157895
0.042105263157894736
0.06947368421052631
0.032
0.1376842105263158
0.0863157894736842
0.056
0.030736842105263156
0.039578947368421054
0.06989473684210526
0.13557894736842105
0.12294736842105262
0.05136842105263158
0.1431578947368421
0.12673684210526315
0.045052631578947365
0.168
0.03494736842105263
0.06736842105263158
0.034105263157894736
0.07157894736842105
0.11831578947368421
0.024842105263157895
0.08042105263157895
0.06778947368421052
0.06442105263157895
0.08505263157894737
0.13515789473684212
0.03621052631578947
0.08673684210526315
0.03873684210526316
0.1637894736842105
0.09557894736842105
0.12421052631578948
0.15621052631578947
0.18989473684210526
0.13305263157894737
0.06610526315789474
0.045894736842105266
0.09726315789473684
0.16926315789473684
0.08168421052631579
0.09136842105263158
0.09473684210526316
0.032
0.17305263157894737
0.12842105263157894
0.01768421052631579
0.14863157894736842
0.016
0.10526315789473684
0.08421052631578947
0.07747368421052632
0.04463157894736842
0.04252631578947368
0.1743157894736842
0.08210526315789474
0.08252631578947368
0.014736842105263158
0.20505263157894738
0.15621052631578947
0.10189473684210526
0.18568421052631578
0.17389473684210527
0.136
0.1831578947368421
0.05431578947368421
0.06357894736842105
0.01768421052631579
0.12421052631578948
0.14357894736842106
0.08589473684210526
0.12463157894736843
0.10231578947368421
0.04463157894736842
0.09726315789473684
0.042105263157894736
0.06357894736842105
0.13515789473684212
0.05263157894736842
0.04842105263157895
0.15157894736842106
0.10905263157894737
0.07452631578947369
0.10484210526315789
0.021052631578947368
0.04715789473684211
0.18821052631578947
0.061052631578947365
0.06273684210526316
0.13094736842105262
0.09557894736842105
0.06694736842105263
0.09347368421052632
0.208
0.1713684210526316
0.10442105263157894
0.13810526315789473
0.06315789473684211
0.11957894736842105
0.07747368421052632
0.1271578947368421
0.061894736842105266
0.013894736842105264
0.1848421052631579
0.03747368421052632
0.08842105263157894
0.09347368421052632
0.018947368421052633
0.17978947368421053
0.09936842105263158
0.08294736842105263
0.06357894736842105
0.05221052631578947
0.10147368421052631
0.07326315789473684
0.045894736842105266
0.12463157894736843
0.029052631578947368
0.029473684210526315
0.05052631578947368
0.10105263157894737
0.043789473684210524
0.09263157894736843
0.053894736842105266
0.08378947368421052
0.11747368421052631
0.04421052631578947
0.11073684210526316
0.01726315789473684
0.12421052631578948
0.08421052631578947
0.06947368421052631
0.031157894736842107
0.1368421052631579
0.04
0.168
0.16126315789473683
0.05094736842105263
0.11073684210526316
0.1191578947368421
0.15368421052631578
0.1406315789473684
0.17389473684210527
0.07410526315789474
0.016842105263157894
0.026947368421052633
0.10778947368421053
0.10484210526315789
0.032842105263157895
0.04294736842105263
0.11578947368421053
0.18905263157894736
0.021473684210526315
0.04842105263157895
0.01431578947368421
0.04042105263157895
0.14484210526315788
0.09978947368421053
0.1637894736842105
0.029052631578947368
0.03494736842105263
0.12926315789473683
0.09852631578947368
0.05642105263157895
0.07368421052631578
0.02526315789473684
0.048842105263157895
0.027789473684210527
0.061052631578947365
0.17221052631578948
0.08378947368421052
0.05894736842105263
0.17810526315789474
0.06610526315789474
0.035789473684210524
0.06736842105263158
0.11242105263157895
0.13642105263157894
0.026947368421052633
0.04926315789473684
0.06610526315789474
0.10947368421052632
0.09810526315789474
0.04168421052631579
0.08589473684210526
0.13221052631578947
0.05136842105263158
0.07957894736842105
0.03621052631578947
0.09768421052631579
0.06357894736842105
0.1376842105263158
0.0648421052631579
0.09094736842105264
0.12294736842105262
0.050105263157894736
0.01431578947368421
0.12421052631578948
0.18905263157894736
0.07789473684210527
0.07494736842105264
0.07747368421052632
0.055578947368421054
0.11410526315789474
0.14778947368421053
0.12042105263157894
0.20378947368421052
0.15410526315789475
0.10442105263157894
0.19410526315789473
0.09768421052631579
0.008
0.16505263157894737
0.17684210526315788
0.027789473684210527
0.05473684210526316
0.05052631578947368
0.10357894736842105
0.1743157894736842
0.07452631578947369
0.1848421052631579
0.08210526315789474
0.07915789473684211
0.034105263157894736
0.03031578947368421
0.06694736842105263
0.05473684210526316
0.096
0.16126315789473683
0.10905263157894737
0.03831578947368421
0.15410526315789475
0.05515789473684211
0.13936842105263159
0.08210526315789474
0.053894736842105266
0.030736842105263156
0.07663157894736843
0.09852631578947368
0.03452631578947368
0.05263157894736842
0.08884210526315789
0.072
0.18568421052631578
0.10021052631578947
0.06063157894736842
0.16505263157894737
0.06652631578947368
0.16252631578947369
0.047578947368421054
0.18063157894736842
0.032
0.03031578947368421
0.0711578947368421
0.1705263157894737
0.1288421052631579
0.08336842105263158
0.04715789473684211
0.03452631578947368
0.12378947368421053
0.034105263157894736
0.07536842105263158
0.13473684210526315
0.04673684210526316
0.16463157894736843
0.04926315789473684
0.15789473684210525
0.04715789473684211
0.12926315789473683
0.07284210526315789
0.05347368421052632
0.20463157894736841
0.16210526315789472
0.11663157894736842
0.16042105263157894
0.07494736842105264
0.17473684210526316
0.12252631578947368
0.14442105263157895
0.13473684210526315
0.06442105263157895
0.20042105263157894
0.08968421052631578
0.06905263157894737
0.09010526315789473
0.18021052631578946
0.128
0.1296842105263158
0.053894736842105266
0.09431578947368421
0.024421052631578948
0.032842105263157895
0.14189473684210527
0.06863157894736842
0.152
0.1616842105263158
0.04
0.03452631578947368
0.0871578947368421
0.04421052631578947
0.12547368421052632
0.02063157894736842
0.09094736842105264
0.026105263157894736
0.0968421052631579
0.11368421052631579
0.09894736842105263
0.10484210526315789
0.024842105263157895
0.053052631578947365
0.035789473684210524
0.12589473684210525
0.07831578947368421
0.16252631578947369
0.024421052631578948
0.07368421052631578
0.02863157894736842
0.08126315789473684
0.14568421052631578
0.0863157894736842
0.023578947368421053
0.17557894736842106
0.13726315789473684
0.09010526315789473
0.02736842105263158
0.10568421052631578
0.13894736842105262
0.21810526315789475
0.11536842105263158
0.13010526315789472
0.09557894736842105
0.13557894736842105
0.05473684210526316
0.10989473684210527
0.19452631578947369
0.05894736842105263
0.040842105263157895
0.05642105263157895
0.06778947368421052
0.10147368421052631
0.03031578947368421
0.13894736842105262
0.10484210526315789
0.06863157894736842
0.09936842105263158
0.07873684210526316
0.053894736842105266
0.06526315789473684
0.12631578947368421
0.05768421052631579
0.09389473684210527
0.00631578947368421
0.10231578947368421
0.10063157894736842
0.11536842105263158
0.17642105263157895
0.15536842105263157
0.12252631578947368
